DRUG_COSMICID,pred_norm_cells_0,pred_norm_cells_1,pred_norm_cells_2,pred_norm_cells_3,pred_norm_cells_4,pred_norm_cells_5,pred_norm_cells_6,pred_norm_cells_7,pred_norm_cells_8,pred_norm_cells_9,param_1,param_2,param_3,param_4
344_910851,1.0,1.0068707552075493,0.9933130703679507,0.9543765766918831,0.8176566326194871,0.5550396473325536,0.2160167406583762,0.06146422695167921,0.010585762626595817,0.01031444479972018,-3.903937595234476,0.993036700497872,6.949068842195665,-0.029260386207662147
344_717431,1.0,1.007920529555957,0.9858854955119138,0.9315474575068466,0.7879480950118376,0.5384279196789598,0.21691499266769873,0.05891739700185402,0.0108910046817605,0.01025954217926467,-3.594907787597093,0.9899162448621304,6.323616178690297,-0.04082739814975426
344_910925,1.0,1.0069860580472463,0.9984394560890095,0.9542413302104297,0.8195994285818523,0.5625945094974977,0.21830797938220337,0.06584405405932323,0.0111731925735867,0.01079027807050533,-3.8787562706904537,0.9941318465631849,6.939591656221436,-0.02913689390791967
344_908457,1.0,1.0070882943724768,0.995569409063355,0.9624188857916313,0.817092103096972,0.5382047304643572,0.20336716985926193,0.04659225138526004,0.010890826485811597,0.011022396657767311,-4.0869577326500615,0.9951917493647395,7.146287058943044,-0.025869331776543516
344_910853,1.0,1.011961792466834,0.9959766206268289,0.9639407981880712,0.8314339876567515,0.5894960854325407,0.27370113657967327,0.08859366847095074,0.010511143161278554,0.009668711970834477,-3.439665349769376,0.9981042055933642,6.464391143130076,-0.04344526212458778
344_908123,1.0,1.008787581377077,0.9955213889179971,0.9519096497053768,0.8099302351156462,0.5494760857225452,0.21541568161159366,0.06418816789421979,0.013019985536523664,0.011380989742813522,-3.8243682375901904,0.9945837913989838,6.762721923000466,-0.02983107345941166
344_905962,1.0,1.0092060545674533,0.9994782739755181,0.9662572449739075,0.836966503067449,0.5561717753324609,0.21561888588687708,0.04550802031555223,0.010994204798020052,0.011337200933498007,-4.162423174495293,0.9963407813032429,7.413011151559453,-0.024228525400296384
344_722045,1.0,1.0045892974286552,0.990086634314682,0.948443450677891,0.8150858775778111,0.5342396230457848,0.2094332461396157,0.06841317627615916,0.01104510692788858,0.009976617427695126,-3.916232073676667,0.9919803851761813,6.865444255550445,-0.025965319102528264
344_917486,1.0,1.0076968205347854,0.991825698943483,0.9571754658574433,0.8075487054137893,0.5513140048621993,0.2240173716358657,0.0482890856770146,0.009593910284348752,0.009811083464353635,-3.797030431331153,0.9938988116525211,6.756612312250552,-0.03631289155038642
344_906826,1.0,1.0102092973393941,1.0058384991674312,0.963532057951069,0.8310305133830765,0.5719315134992066,0.2528758873460712,0.07194945166438894,0.01342988688150148,0.01158443221416744,-3.6671281369685875,0.999869484251743,6.701803794971744,-0.034137068429361844
344_909784,1.0,1.0145597633056782,0.9980395598591567,0.9647274000965815,0.8057502556412683,0.5560870641747152,0.2780981507460067,0.10993036046299837,0.011392950114110649,0.010900244082712167,-3.1209862664334564,1.004448579436349,5.753855128783898,-0.05303245154288079
344_909260,1.0,1.0080545295542056,0.983454972445731,0.9210981517743648,0.7736954901035248,0.5352808406150369,0.21165257274165727,0.05971247018910719,0.010535517139562698,0.009674435097828109,-3.47788572993773,0.9886827468128421,6.085269513344571,-0.04635996009401099
344_1298141,1.0,1.009487224526565,0.99153355369294,0.9428960566922271,0.8050441579466513,0.5450275628386257,0.23448750268980514,0.05120918278441227,0.010929394457574243,0.010856890814074033,-3.6495893658816825,0.9929676100148859,6.5029799984059595,-0.03979395093898057
344_910930,1.0,1.0122165750714294,0.9830513836229776,0.9237642322634527,0.7800586977399262,0.5361547175898421,0.1962630405026774,0.053283375308455,0.010851708918902204,0.009732052033866146,-3.681362098427061,0.9883326688129928,6.3992523352176,-0.03972568289624601
344_907172,1.0,1.0133837454895565,0.9932880362659398,0.9616857030710873,0.8255952339963114,0.5702440219067796,0.2687131953163191,0.08475798248912884,0.010457302275008734,0.010054965735460636,-3.4351040665787913,0.9986672006949263,6.353932697217432,-0.04306939769591306
344_910706,1.0,1.0069761946669882,0.9956568794182413,0.9521998222046584,0.8050700875239934,0.5367854584093501,0.2061138268095076,0.05543691137224744,0.00992379226110113,0.00958416271212604,-3.885764525696502,0.9944720343569349,6.792849975752569,-0.031191417553252884
344_905959,1.0,1.009843836461771,0.9897918908836116,0.9264751695711473,0.7810550053670767,0.539021012451052,0.2174465143673537,0.0703039369627186,0.012139073156304312,0.010870431941722714,-3.462800132149444,0.991989118991188,6.084547469894989,-0.043522983697227596
344_907277,1.0,1.0057064807222431,0.9830536914539317,0.9111493889710115,0.7424914616817505,0.5024828954481949,0.20749895831600831,0.06048514820619005,0.009567325295687394,0.008832087415281476,-3.2711969454457166,0.991493109330448,5.559273477756939,-0.05507434910459153
344_1327766,1.0,1.004051468562176,0.9850265806499873,0.928424410076291,0.767236476057758,0.4999015317774093,0.20074298284493322,0.05642337548483838,0.010012407448589434,0.00936504865832591,-3.606062117803752,0.9911366670557328,6.117327123895585,-0.0395882586366371
344_1240220,1.0,1.0078412174101519,0.9907684398153734,0.943170666968296,0.7968613514557773,0.5253350655896516,0.19885219778388594,0.06368028195007332,0.010937704354093912,0.01063410871960907,-3.84680412623194,0.9928703905389948,6.6491805323936815,-0.029384696275465735
344_949161,1.0,1.0038489799625572,0.9896179376397322,0.9436895342398307,0.7860550478862486,0.5051124490501446,0.19635153142236442,0.058677500210131094,0.010462873472075885,0.010322095717760932,-3.8335173956610533,0.993033988000419,6.522821212628707,-0.030014530191401944
344_908125,1.0,1.0121971240984742,0.9918319723039812,0.9628728349172584,0.8334078081197368,0.5694541967695507,0.270798154954345,0.07919204774483078,0.01129592844414728,0.011167459784666295,-3.520835844454181,0.9977162306384434,6.513568173889319,-0.03920889634385097
344_906823,1.0,1.009334408268423,0.9902756035555935,0.9557302912686508,0.8243884020876217,0.5671307707596576,0.226271866495756,0.06313974091969375,0.011083027241604025,0.010396568359464597,-3.8783522484067667,0.9925668328699415,6.995981300883923,-0.029920327112436838
344_908134,1.0,1.0084703952685308,1.0012870562256015,0.95500685949806,0.8078448601286724,0.5522514019121784,0.22666885958410934,0.06352141422121815,0.01209079553470454,0.011361307397573397,-3.7074829290714746,0.9971853886396725,6.594001446409754,-0.034603200287090664
344_687561,1.0,1.010162405423946,0.9963089024192134,0.9660017716910382,0.8429387946565438,0.5826144469522907,0.25531090417382035,0.07863895310718837,0.010257351907905513,0.009368891412351121,-3.7296811914064456,0.9971130064859874,6.903205036707062,-0.03274028668767516
344_909696,1.0,1.0043569089325983,0.9937271487375711,0.9424536776014736,0.7799740590987142,0.5089176928223772,0.20443937568719214,0.057134877335256344,0.010469378908311414,0.010801353681307933,-3.704495387394162,0.9947117572398828,6.327060575433816,-0.034966311387777636
344_907286,1.0,1.0059273380196496,0.9876882223012341,0.9367018933970991,0.7847845620527073,0.5230730834257306,0.20341552771636714,0.05735987197064196,0.010270984429042965,0.009717820367053572,-3.7105880262898046,0.9912076920725434,6.414326567756084,-0.036341616214163874
344_907272,1.0,1.0091664289948634,0.9838633207014308,0.913647898561468,0.771572935226108,0.5301667096062364,0.2111896110676721,0.06130409499520522,0.01113026744401785,0.010132254271787725,-3.434628290323151,0.9886468359356156,5.98740559879584,-0.04739627492485175
344_909255,1.0,1.0067749839624625,0.9913294747928836,0.9514568577569724,0.8081611349903081,0.544145599694464,0.2162849193661731,0.058695142876264615,0.01076967247150358,0.010559064999725351,-3.8262272055746744,0.9930143642492033,6.756317816311335,-0.03181208401917341
136_1290922,1.0,0.9983738792356428,0.9678013887559719,0.8666516064396896,0.7352938388393522,0.5376160432575444,0.3608093795801126,0.15468591672927992,0.05225624662453789,0.04360737957489886,-1.860451543799809,0.9930140091804671,3.7873425480416496,-0.14076341675585366
136_905973,1.0,0.9912385076268393,0.9554679786949092,0.8582180551572757,0.7570015579509429,0.5698875103805562,0.4003311393741836,0.16954221473876263,0.05812717942336687,0.04755500642859415,-1.6376858034548403,0.9840524738269524,3.724275137832701,-0.17777514067527123
136_907045,1.0,0.9899690116212169,0.96603984619926,0.8589832937096863,0.7479424239774904,0.5622782387674349,0.39816156411996867,0.1668009228898549,0.056631891090602036,0.04691312764894954,-1.6287885895788126,0.98795886769532,3.659658831332117,-0.18068508624680063
136_907287,1.0,0.9911682281537839,0.9666690216662412,0.8540042221024232,0.7402767452223973,0.5639462996730908,0.3952207850672987,0.19230877653204756,0.060423441791483234,0.04498245464322509,-1.432939195383959,0.9917255113892873,3.403863354392673,-0.22119573322816782
136_910399,1.0,0.9950264536175916,0.9763277578384564,0.8462637872447109,0.6927294741649465,0.510897863563805,0.35815208421522815,0.22489996298172454,0.058034250593182714,0.03971450609333007,-1.3640656900942714,1.0053566068114235,3.0405885679267515,-0.23169785053567737
136_1298144,1.0,0.9809711125817527,0.9569117306098599,0.8638614898249544,0.7810615309851623,0.5747472475407486,0.3739295556584427,0.1691294437809432,0.051575342560332894,0.04190226054871283,-1.9765866597680728,0.975982990986146,4.2406067373146445,-0.12308549975145182
136_909709,1.0,0.9890023919064501,0.9622352031268372,0.8530415601196039,0.725740956320291,0.5507325335939308,0.38794029712906636,0.18831746551761355,0.06729334356618617,0.0523751967159258,-1.4829179448581657,0.9917132092575153,3.364897512393179,-0.19908093244342664
136_1290797,1.0,0.9947314174067112,0.9625064287471807,0.854489931023886,0.7323729086891131,0.5356614734663165,0.3570718711418513,0.18912821474460048,0.05767537819649995,0.043150486215572735,-1.645671253440261,0.9932731859008229,3.5051177642682565,-0.17235119571087815
136_907312,1.0,0.985767673881493,0.963912615302128,0.8432324781170341,0.724886411158094,0.5548544421550922,0.3763834642772195,0.1799824030956839,0.0634859849931276,0.050510669529109785,-1.520495628711445,0.9894683875915555,3.4010113194369445,-0.19483605193795253
136_724872,1.0,0.9924926042317727,0.9686658700487955,0.8364244117288063,0.7081011004417536,0.5519769880248023,0.35224461115949235,0.16965099053558727,0.055510808188694215,0.04091170152770929,-1.5275561936976676,0.9943987548486929,3.33149481741446,-0.20533787956307253
136_1240134,1.0,0.9971088018828572,0.9614800086810796,0.8924885749102565,0.7838605755817349,0.6158009883329711,0.41974899866655174,0.19768753298679123,0.055277587779616534,0.03910541817299615,-1.6741234443681619,0.9852419904401003,4.048788131065344,-0.17748872223155082
136_1298219,1.0,0.9875112372853622,0.9623036045654575,0.8510089399953785,0.7281216447536009,0.5523905448996106,0.3974847984027072,0.19207718021991704,0.06717917063909579,0.051830072769792984,-1.4073172972370305,0.991427469543461,3.306082674436016,-0.2178790093361595
136_910687,1.0,0.9946348043903742,0.970968137668269,0.8840781594042925,0.7980949681644584,0.615896460870356,0.4160041877926248,0.17520181416963462,0.05448200094355104,0.04133826842135429,-1.9008436587557782,0.9824940991523209,4.3693458070507605,-0.13854668977564868
136_906864,1.0,0.9864933922740575,0.9638235689504323,0.8249784185139104,0.7045416567370936,0.513255187261601,0.3441515209976258,0.1782722806354712,0.05984173440778453,0.046382188090943,-1.5786784263718339,0.9937053442977352,3.2645394099164657,-0.1824751160150592
170_688087,1.0,0.9916810102054588,0.9380098762951473,0.8664687916913826,0.7063314656477445,0.36256192563459017,0.13606894904975306,0.052283634333024354,0.015242367776063302,0.011630413561905436,-4.065833330924444,0.9708266586708801,6.11558464314872,-0.017396538681049546
170_1240216,1.0,0.9931108262280784,0.9358836241233678,0.8644397052812868,0.7149224803506025,0.3707830114380976,0.13632836907171295,0.05573778407124428,0.01630266450773719,0.01235525218970055,-4.072442133110416,0.969382142346742,6.175331489298417,-0.016269761282807514
170_910948,1.0,0.9922068543124775,0.9343820592185228,0.8660029258106272,0.715688321408405,0.3695186850986845,0.13193328101414042,0.047968416693434344,0.01600109443588196,0.012168704881423839,-4.16181904950601,0.9679627285652802,6.309221118271728,-0.016115421662432343
170_688006,1.0,0.99169988956948,0.9342587074386871,0.8615329943372222,0.7086686232233793,0.35691314560033766,0.13419871492335103,0.05130527615558786,0.015212237928263638,0.01113187542087959,-4.112911783665319,0.9686874716121823,6.175872650572148,-0.016494622773046006
170_1240190,1.0,0.9923772308129221,0.9380835219275324,0.8744960604305577,0.7213130599668688,0.3739626495917929,0.14210228697870683,0.05458857859187025,0.016252722410645598,0.012476832353169591,-4.130081174569197,0.970468771283421,6.296261466505229,-0.014264456534204795
170_910911,1.0,0.9923131377749468,0.9392482682051781,0.8684312034501028,0.7191913862543885,0.37963912022462076,0.13393730824085115,0.05167146707855397,0.01648476495891953,0.012494600396627567,-4.113045912032735,0.9695369510690048,6.276125613108331,-0.01664058961366245
170_908145,1.0,0.9929273721094972,0.935606698678562,0.87515141329762,0.7359157045054091,0.37761861932021096,0.13669905437921898,0.05468032768772932,0.016233208614003486,0.012237576607725044,-4.312382897188097,0.9676481459635924,6.621523667555085,-0.01020016541357474
170_1240160,1.0,0.9926894215721361,0.9398988861060458,0.866079018431222,0.7186942722076447,0.3674062889751857,0.13564923901179102,0.05247502104739504,0.016176029481359166,0.01230287490394479,-4.1506859001337535,0.969915231808556,6.288121000918978,-0.014793384137298764
170_687590,1.0,0.992421757200154,0.9247590634256144,0.8508212597819446,0.7044779780497418,0.36638343485236824,0.14388515741966465,0.051826295320163085,0.016574546256847678,0.012442504563908502,-3.8667060290705653,0.966632609883364,5.8493337397525025,-0.022911488645565692
170_949156,1.0,0.9919249142562517,0.9368150873778472,0.8654951024800653,0.711165508267125,0.37038479450063705,0.14085239578215428,0.05612904481223439,0.016265614603330498,0.012525594840954416,-4.0089878070492455,0.9703106396770059,6.074219602433959,-0.017509531270927962
170_910853,1.0,0.9919431187892723,0.9354121896540301,0.8708371525792322,0.7333076276377949,0.38535299725640004,0.1539085897435465,0.05828943120383323,0.016810604318430757,0.012626331113666832,-4.039345279610982,0.9686454374086393,6.252349764153081,-0.015532095098642796
170_907043,1.0,0.9923748315354461,0.9381860788615768,0.8675743689888972,0.7212611649192245,0.37177307671902576,0.1380323318404072,0.05500109729131031,0.01624940832878356,0.012315409215352714,-4.133281312118417,0.9694079061459716,6.288701629539656,-0.014588729516975985
170_722045,1.0,0.9921235477816371,0.9360665426085603,0.8696278301707122,0.7204413680839119,0.3702873478255724,0.14595077550052998,0.05490897637714876,0.016356599819912502,0.012565707569824761,-4.082544484191125,0.9697037553942717,6.216985866336275,-0.015040383574341825
170_910689,1.0,0.9916899258939463,0.93292850600319,0.8704359665862259,0.731874660898078,0.39036230445088904,0.14987308014988762,0.06147090057433272,0.01647870433238357,0.012245101228485144,-4.023822541432207,0.9677022513504092,6.240657092634616,-0.01609621266272885
170_910910,1.0,0.992232471743702,0.9405305109285423,0.873121150617747,0.7260249214113226,0.36947284726914814,0.13698639170369417,0.05376823557915609,0.016268238973656122,0.012353066756646783,-4.2435882151626085,0.9699302912795229,6.4551379113552025,-0.011714789105354515
170_909976,1.0,0.9924349925298811,0.935539353923064,0.8661787490595998,0.7163295292965342,0.37153661069200644,0.14179522408299508,0.057091898952913916,0.01657624229288678,0.012615201629499778,-4.045361835740985,0.9695589035061392,6.147883666612576,-0.016023453798302688
170_924104,1.0,0.9925697761691273,0.9407010752706136,0.8762259413138503,0.7349242404281574,0.37541957282566113,0.14074153581790677,0.05375763732839763,0.016143745752948777,0.012090608287226782,-4.274290942335091,0.9696771693065661,6.553379476075446,-0.01100578638480006
170_908445,1.0,0.990881493732247,0.9374997826606736,0.8668467799431369,0.7122809449875452,0.3673877221461299,0.13071951778705257,0.04945879214454341,0.016080219929948916,0.012326716351604828,-4.157186911235074,0.9689697709178388,6.279809436724598,-0.015727148689401067
170_906834,1.0,0.9918879859305175,0.9329364592949013,0.8613537252037756,0.703524647642593,0.3658065809705519,0.13398140006817558,0.048046570827783464,0.015480950704977509,0.011890636756692005,-4.020093202609784,0.9688902581171907,6.055796805642518,-0.020104064182014516
170_1299081,1.0,0.9919045922737734,0.9366883016925347,0.8623919951566097,0.710474103858799,0.37162988087970544,0.1457375762486857,0.05412921395585798,0.016759984928499682,0.01287410666004319,-3.9377304090070804,0.9704038298851766,5.977171987678909,-0.01966964198223888
170_905933,1.0,0.992014413915912,0.937910638226607,0.8698314295806883,0.7201544069135223,0.37064786640631375,0.14278868539623632,0.0546538777336586,0.015597550749462537,0.011752195521005817,-4.097006919940608,0.9700612578632142,6.236041404380642,-0.015583246007378468
170_908476,1.0,0.9919179656692835,0.9331984395956128,0.8748522482254564,0.7364283108658554,0.3855190817346455,0.14616514705933195,0.05649507557930165,0.01640116280613657,0.012437343153694352,-4.1771183587790635,0.9673109445073474,6.463094810910565,-0.01274986037437105
170_1298347,1.0,0.9938307730118977,0.9219900779361917,0.8569025390421287,0.7065155213643938,0.36895015990598984,0.14518308401439348,0.05346857905142558,0.01616619683810687,0.01181226160140407,-3.891886805946176,0.9666894442505255,5.905239419324602,-0.021916287179922212
170_1327775,1.0,0.9914808339557782,0.9398318032145975,0.8711817796075468,0.7210137344289409,0.3721052884941989,0.13607583703629517,0.05115563058031259,0.01549200902765867,0.01161656472856746,-4.172151831876948,0.9697726833766948,6.348621082270125,-0.015099010602524554
170_907066,1.0,0.9913516170399372,0.931673233717386,0.872836585107113,0.7336737328020284,0.38456536955928206,0.14936255615605104,0.05889181034290098,0.01650549688541832,0.012678213414912482,-4.112178989161309,0.967132300279512,6.358604657518674,-0.013536925281143551
170_909253,1.0,0.9916036164081975,0.9361091360420493,0.8653216518835386,0.7045914730293527,0.3693338830789614,0.13687568163230665,0.05293279911601223,0.01547483834506158,0.01207268624008054,-3.995202267111842,0.9704325489246622,6.0313923489776,-0.019411480003163777
170_905938,1.0,0.9920883641042701,0.9331911751235386,0.8613881854432309,0.7057156859958204,0.3762883581513338,0.13516538344262186,0.05033696813556623,0.01605886712247057,0.012304451491468943,-3.960370353808902,0.968885842458854,6.008109466111336,-0.021513801376258846
170_946356,1.0,0.9923206695720039,0.9380642430908149,0.8693489506668243,0.7115576506986435,0.3676733892212855,0.14053237496714782,0.05510887830204919,0.016283585541426417,0.012498839086135949,-4.059750058529506,0.9710752417123035,6.139150239524857,-0.01601285674293813
170_688014,1.0,0.9923677596366893,0.9397405496856469,0.8736451815411695,0.7283688759930679,0.3805968546419228,0.14173357642757325,0.05584557453436285,0.015948307104471853,0.012059885241403135,-4.1429498249821695,0.9699759538132401,6.358534030004315,-0.014359790871183506
170_1240145,1.0,0.9921912848375155,0.9378517231866224,0.8785196362561023,0.7287844517678225,0.38178566278149845,0.15009655206017772,0.0581596599615971,0.016563380999751746,0.012737990830936213,-4.097867040554606,0.9706307142314673,6.305102372184401,-0.013758891533320067
170_907791,1.0,0.991049540460879,0.9362369987729103,0.8665663771356608,0.7182579517672124,0.36903424818162645,0.13309627391887005,0.05144421865770943,0.01532168267236809,0.011604484607101687,-4.169803018964084,0.9681410787916481,6.327475394853634,-0.015333719511994704
170_946358,1.0,0.9905200422931797,0.9409134216682516,0.8744057349880219,0.7225808411890474,0.36828644881164224,0.13030548677134787,0.04919296744247917,0.01492238894674408,0.011121850221787197,-4.289421271352075,0.9694321598731307,6.510187482839206,-0.01311918984989413
170_1303897,1.0,0.9924961185380691,0.9305799706242609,0.8590747298169279,0.7129857639861337,0.3680324688574963,0.14192194517924606,0.05573658358321338,0.016492118111717222,0.01203094109253098,-3.9917196955711676,0.9678570600314089,6.054253914716458,-0.01820741675274523
170_1330947,1.0,0.9916244540365714,0.9369778580014954,0.863832833022657,0.7090711215089462,0.37193774364842946,0.13546815573155715,0.0529222822730843,0.015910197327699466,0.012273444105542465,-4.021657704693961,0.9697883040775275,6.0889995378459645,-0.018749228723177767
170_910779,1.0,0.9921153050391126,0.9338143976398139,0.8676202197790067,0.7131898036970399,0.3710699986850296,0.14641109725524562,0.0559952249656081,0.01663587887871176,0.012907680786460679,-3.996287815397451,0.9698488668742852,6.072304142118039,-0.01712517784080282
170_687997,1.0,0.991568179241054,0.9402131805299447,0.8698930064634897,0.7206413446964066,0.37182512037541127,0.1316579745349562,0.05061319757322726,0.015348543082746436,0.011502089792396962,-4.2017843278864,0.9694192659095916,6.385910309342298,-0.01496266477365453
170_905976,1.0,0.9930103540443233,0.9307645392247471,0.8571259357464657,0.7239512547927509,0.375331057991304,0.16503579218245512,0.05374763577504283,0.017687977576270938,0.013074681921506176,-3.8338877137863063,0.9683398817868271,5.903232338600063,-0.02171362606591107
170_906999,1.0,0.992614911689985,0.9374354812360499,0.8702650741963877,0.7195752111094481,0.37550235066873205,0.1462107553666476,0.05860320459484596,0.016545825133770887,0.012729997920937297,-4.0304569933938605,0.9706221836666683,6.151056740322949,-0.015820242643304866
170_908125,1.0,0.9923851493158842,0.9359624812711282,0.864197053386803,0.7178744312297641,0.3711473017547551,0.14607148064781608,0.05544075427722429,0.01677827296244347,0.012450484728006306,-4.011779617967674,0.9695902817126899,6.1071467722230395,-0.017129285012350684
170_909703,1.0,0.9908541096572036,0.9405734759427332,0.8707306040649501,0.718297728905639,0.3689086326170514,0.13301423158919998,0.050946003992862504,0.015243183910481184,0.011349210133137395,-4.191215401405106,0.9698470894212947,6.354830199924628,-0.014917559060744863
170_906844,1.0,0.9924211922218898,0.9389327542429097,0.870382609509754,0.7260328498341959,0.37077209558221474,0.137463504564499,0.05516988105390364,0.016126474375685377,0.01219769586059521,-4.209492306574081,0.9692902392995887,6.411140335332606,-0.012475682656451385
170_909713,1.0,0.9919747105028281,0.9344177081842568,0.862178454321553,0.715917476214127,0.375201530776595,0.14668022704099057,0.054053071882598086,0.016947046575684094,0.012743746280390994,-3.9578221669484823,0.9690208990809136,6.038771337535196,-0.019191442048739273
170_753586,1.0,0.9919323525282473,0.9360136614037516,0.8681417919544131,0.7250208513863147,0.37078384612040877,0.1386137141139325,0.05569084553708794,0.016250365786455803,0.012221884177582033,-4.180146022147443,0.9682352732428933,6.3693612541416,-0.013005676740896307
170_908120,1.0,0.9923743430769871,0.935652301805305,0.8724457608965567,0.7336162063352467,0.3827418173937193,0.1480239354010632,0.058999053356250046,0.016723677168893464,0.012696064649047078,-4.122513107961081,0.9685336064358755,6.359295138351339,-0.013209693245044066
170_1298350,1.0,0.9926909210326905,0.9322805470309872,0.8705489816979446,0.7200869764985338,0.3744997388981322,0.1407998258227168,0.05629936830262682,0.016276892846007647,0.012410196646217543,-4.105732761398747,0.9684863362666557,6.262319439906046,-0.014756492583928632
170_1303900,1.0,0.9935141814965358,0.9181789870173714,0.8515662131219731,0.700935734215804,0.35200632863285025,0.1357715145781618,0.04634349754820066,0.01639546288568634,0.012011838759969284,-4.027405894916511,0.964486717037572,6.026899582037284,-0.019226724184390784
170_949176,1.0,0.9926626382011271,0.9285247148073564,0.8616804182413391,0.7070985544652322,0.36142802072823416,0.14587135566466378,0.05313903923637162,0.015472394680090215,0.011010551292121409,-3.9627692878311795,0.9686952943620946,5.983403375853877,-0.019654531840298313
170_753558,1.0,0.9917734247905646,0.936007652983552,0.8678075286540445,0.7221789956913037,0.3717373114673583,0.13895640103525722,0.0558959058379215,0.016299099008493686,0.012299232436901888,-4.140080138619116,0.9685605072554213,6.305029711330036,-0.014037169432268772
170_907059,1.0,0.9922562722724879,0.9384271075203549,0.8699933105169252,0.7144265281720729,0.3789779821125084,0.13822542866601192,0.053516654025911055,0.016949223863722742,0.013106788571229754,-4.046887681315551,0.9704966814680299,6.1641407216896,-0.017183584872090672
170_753620,1.0,0.9916498306181415,0.9390136867639954,0.8696299079440847,0.7221842210295746,0.3671051520337525,0.1350636292915748,0.05321703870341974,0.015362440465376562,0.011492433423864438,-4.2126194127416365,0.9692542965705814,6.392998677195695,-0.013430074947699603
170_1331048,1.0,0.9912861122049438,0.9415692146116809,0.872350934665878,0.7223121980687209,0.37247421165104444,0.13627131920657173,0.053838564559248604,0.015348151208078349,0.01142682126401682,-4.177776938959037,0.9703357180511929,6.359392330572299,-0.014381899337776073
170_949170,1.0,0.9932883451827142,0.9202068908722092,0.8475783904546739,0.6875870205645729,0.35773037661381774,0.13504837529508348,0.048038923644065624,0.01609205393608781,0.012047425391522057,-3.83750935137064,0.9669277797405375,5.724966351899727,-0.02536420793607111
170_1240158,1.0,0.9927141205595914,0.9400749310297799,0.8694734998404053,0.7242114642714661,0.37179585377427954,0.13860570872837272,0.05536303601589288,0.016101459511581397,0.01218618160447764,-4.162765868554966,0.9699864237806558,6.3395887641663045,-0.013707924350096733
170_1240205,1.0,0.9921538937995905,0.9350428321530543,0.8678666629804641,0.711537862217296,0.38289465933800093,0.13786055220483204,0.05424963840178387,0.01694161425843847,0.01304771003909403,-3.9886822012676704,0.9695865112780386,6.0862720472281,-0.019056379860572268
170_753554,1.0,0.9923700002023242,0.937854600297998,0.8750784951142568,0.7248405917228342,0.375216407078425,0.13936842013575587,0.052636282717748284,0.01604179043802031,0.012179019622043555,-4.187419237323612,0.9697149270322125,6.395713390262282,-0.013676153623705172
331_1240191,1.0,0.9900138567509118,0.901510601703522,0.8100832601398947,0.6150861336107476,0.43685844495591203,0.27331757236046056,0.1778000479484466,0.0808698496576478,0.07066951852385384,-1.9595086567446496,0.9904044203839587,3.1698827603005424,-0.07985159931073697
331_909731,1.0,0.9903262663538982,0.9058241565922378,0.8265283136591872,0.635234903502087,0.4642639952948,0.2841528635184383,0.16436818942552944,0.0806890111561277,0.0710115349796907,-1.9766985527865588,0.9869923216869163,3.326485034854833,-0.08236800454563864
331_906836,1.0,0.9907270238413283,0.9081236518375625,0.8190382739368958,0.6266118575994182,0.4506898957008589,0.2853247816858444,0.1705306811363132,0.08409879487061951,0.07336847105471471,-1.968145835763431,0.9898732442798858,3.2474676228380366,-0.07819457792376736
331_906800,1.0,0.9908844265813022,0.8976970603983062,0.8084191101921762,0.6172876396393612,0.4446198404669482,0.27413466679924076,0.17559086188529696,0.07801865945425633,0.06845934793045166,-1.8789853526322757,0.9902457278045832,3.1093412441343182,-0.09619354300816312
331_909252,1.0,0.9918588904200947,0.9020486972306618,0.8130120976655107,0.6144892685098654,0.43742161531707535,0.26585442080803123,0.1686403675932041,0.07080401081799126,0.062199833799344593,-1.9765362775573785,0.9904078181087673,3.211034850852005,-0.08881993488967675
331_1240192,1.0,0.9915840322715033,0.9127112701637105,0.8316623379391602,0.6322449498014158,0.4576821536920331,0.2893635721704009,0.15809576765726963,0.07973628396315739,0.07059314259816336,-2.0382894155491376,0.9888891123211071,3.384491428197414,-0.07462265343219916
331_713899,1.0,0.99170975059779,0.9037716976713961,0.8205385356912913,0.6199804749467405,0.4407081267965947,0.26238172902843504,0.14755664630574591,0.06951801495942439,0.060868844813092016,-2.1070506629142174,0.9874095779959842,3.3919894592239492,-0.07687928731631574
276_1247871,1.0,0.9895781713567642,0.9294304285694898,0.8473568928786617,0.6548734271518232,0.4740819498340709,0.2449372786962439,0.11668513839404142,0.046295355163647293,0.031548039300403105,-2.3112705543184746,0.9839227646210645,3.8894306940914927,-0.08800072432547316
276_909751,1.0,0.9945813485169553,0.966993135783006,0.906709564608437,0.7788892672576391,0.5328384604813531,0.2710446245997578,0.10252584343456102,0.05597712611942469,0.04811607751017307,-3.2251023360197646,0.9811385255908383,5.684616533475774,-0.011336429747031937
276_907278,1.0,1.0057885811636285,0.9361768710350854,0.8468632041976895,0.6645793363445786,0.44756562198066296,0.1877700654729797,0.08127170249467712,0.03668525990530374,0.03434292881521001,-2.889803590904469,0.9843751068192816,4.525450687826282,-0.0481885418785344
276_688006,1.0,0.9984229605418213,0.9340625907401671,0.8552494592678759,0.6384727302221307,0.4232963685319584,0.18176025365888335,0.08098807629600181,0.02390200126608331,0.022695147591913486,-2.905662881702464,0.9851669561218817,4.460136132909618,-0.05491305636729521
276_753545,1.0,1.0037220898643848,0.967786578742574,0.9317910814809717,0.814285710554499,0.627063308578646,0.3493121539852153,0.13451693459452174,0.04927051927866432,0.037992935009515665,-2.80349996110324,0.9834343180627363,5.670172329526481,-0.04576441277281448
276_910911,1.0,1.0036427343302037,0.9615628937761439,0.9086103808049334,0.7372261626988252,0.5521250579013949,0.28889116505992857,0.10125729286626482,0.03585646624470617,0.02978297832378379,-2.628091164176431,0.9875189179908296,4.835452321829229,-0.07114530062146818
276_908457,1.0,1.0035160160376215,0.9677204289928415,0.9181839317226951,0.7916136591603725,0.5836893902767833,0.3471610602788208,0.15895652973579846,0.06409256085029914,0.051086937993609895,-2.5195476878787226,0.9883702960589661,4.9466306720385935,-0.048963787739695716
276_930083,1.0,1.0077213155336626,0.9704484282297866,0.9117842080958622,0.788848414972941,0.6232401867591356,0.36344312503922355,0.1406430474528215,0.039267842398419024,0.028413691940134184,-2.3348366386825727,0.9861790900182449,4.915796525846349,-0.09871428448716217
276_1240150,1.0,0.9923050122632913,0.9611663079938281,0.9306737165700406,0.7955122695382694,0.5989892693774425,0.33036242007097455,0.1330202465029727,0.05689754517391268,0.04318733499525675,-2.8315542621976357,0.9806756747000206,5.512831320291534,-0.03548906615171658
276_1240130,1.0,1.0032458864404268,0.9473106382685247,0.8942838912342056,0.7488715626381751,0.5649516273889224,0.2992319126734974,0.11967097647230929,0.03998344271561999,0.033137624730161436,-2.513869522332687,0.9812159068352588,4.76210632465072,-0.07540053431732022
276_753548,1.0,0.9927069192640712,0.9523163346206237,0.8781220471645247,0.7122632590270102,0.5167839507817432,0.269667128892588,0.09075342924938133,0.035194976932546536,0.03128764081057936,-2.5835687334011928,0.9819554082166785,4.574485550646913,-0.07414378514863845
276_906838,1.0,0.9908354940022117,0.9384135991796999,0.8842025445422461,0.7404918532307372,0.508840528905242,0.24928901168153295,0.10351926990929945,0.039651511945154684,0.03415145361961475,-2.9447922898666716,0.9739159740153194,5.122540369670001,-0.039748828878878914
276_909779,1.0,0.9971867569419893,0.9527258738923529,0.8869848680446933,0.7218135914322685,0.4869727570797622,0.2502849316125814,0.10272204011372695,0.03155317956297777,0.02495600501621298,-2.783793548502762,0.9847032383436433,4.772265380198652,-0.05785004652623843
276_1303901,1.0,0.9923790525947469,0.9436687331688729,0.8906324190425936,0.7319894678569444,0.5349172638631091,0.273308342795326,0.12779700166798572,0.048536784390368536,0.03997388804480269,-2.6366421260004023,0.979002089509516,4.741513444192237,-0.0527509412327804
276_905944,1.0,1.0042786635388379,0.9644793116719895,0.9284201587511908,0.8067876565232135,0.6098895961472882,0.3247557741915581,0.11352272360742004,0.03806028596274271,0.031651617145966114,-2.9395441028294806,0.9821057600682074,5.776992457703237,-0.04654669294589402
276_1240122,1.0,1.0100106250567977,0.9631789387388161,0.8978975908157948,0.7329539057341586,0.5556992887678242,0.29196512555838283,0.09897560887455588,0.026324726829343326,0.020067226170575325,-2.4538650790976675,0.9900003881549746,4.606543933782521,-0.09818303362270592
276_1299059,1.0,1.0113395558926135,0.9697154709226581,0.9229973471237286,0.7427069260638581,0.5743978102592628,0.32479169571648514,0.12729132720423939,0.03704880804862969,0.02563511352892167,-2.326811434849264,0.9954026134219466,4.541026524603985,-0.10017265829393489
276_1503368,1.0,1.0134994733248834,0.9695502485161803,0.9186714055275819,0.7786822083037102,0.6067377474746477,0.3699758303040319,0.15117074974048028,0.045924895566334854,0.03432141932365007,-2.1987812751200524,0.9923497996440618,4.612645456036794,-0.10602409956939822
276_910401,1.0,1.0052918753790456,0.9610701697689009,0.9050929971128614,0.7608714979781719,0.5301382448775852,0.26406871482792926,0.10370737373099204,0.0511179008873516,0.04286149130497415,-3.0612255044403143,0.9847009144659092,5.3709629324907695,-0.025052425131031383
276_908144,1.0,1.0045615046613865,0.9599438891908191,0.9449345152303305,0.8172899587185823,0.637749103124139,0.34949838106282977,0.15200082057690692,0.045778257783079125,0.02971240076889098,-2.739038835927363,0.9840842278620452,5.647965044846842,-0.05399415778240503
276_910548,1.0,0.9913662980371223,0.9293271179503418,0.8651309827220439,0.6923289359125689,0.5151079656776668,0.277470742551434,0.11048882248524727,0.030526538637207796,0.02218006231373616,-2.214731106650946,0.9797701304403473,4.064539488970627,-0.11577006425980484
276_907065,1.0,0.9982103056044368,0.9645016622888448,0.916653981151916,0.7844631196262389,0.5925747097215608,0.3134736844403279,0.10899539343814102,0.04547739880988713,0.036696258362794554,-2.8585915866119214,0.98070778207353,5.485086913609321,-0.046361190523171565
276_1298349,1.0,0.988573688303722,0.9497390538790681,0.908264569611385,0.7462731089109478,0.5692871663746459,0.3008325956945735,0.14853456409166865,0.04692817401861359,0.033707541913415316,-2.4632319050357583,0.9802754027167128,4.711756276844676,-0.07093432327733405
276_1327766,1.0,0.9998188342831295,0.9294399918382172,0.8629228094606534,0.678534863160214,0.4918045043753343,0.24737284094720877,0.0994600311175643,0.04290266680288083,0.035805130641200056,-2.4941637473708265,0.982594953255571,4.2370366164773365,-0.07358578309226763
276_905979,1.0,0.9975649372746139,0.9900110532410823,0.9476438444466577,0.8430390761593703,0.6330920611126899,0.3881635059889745,0.15860459039414765,0.052294042180655455,0.038592264767517294,-2.6659429591182,0.9915234446916523,5.606875850068985,-0.05219415909219568
276_1331045,1.0,1.0034655455462627,0.9485295537337062,0.8909526557264259,0.7068883798051125,0.5324412981656205,0.272506355653336,0.12002844957624599,0.03657690523473233,0.0247107997390378,-2.3902293687108616,0.9880846494047588,4.344700088791407,-0.09137473030686945
276_909252,1.0,0.9914026090246407,0.9442557792717375,0.8643719949184304,0.6882686141714104,0.5091806292771464,0.27429251306415253,0.11923055796677677,0.036165050074845155,0.02351766733214467,-2.212118170996252,0.9851916853184717,4.00437273281728,-0.1109147393647932
276_906846,1.0,1.0009922764795778,0.9634485011895628,0.920037118760388,0.7788738579903227,0.566165013385313,0.28419697021217166,0.09898755291814791,0.03576562213996879,0.029053109568320523,-3.0051845017495475,0.9829470745729788,5.563271753263423,-0.04449054090088591
276_1290455,1.0,1.004960723995367,0.9556270712078617,0.8934997047258553,0.7209571361551707,0.5112076089278236,0.25825567321029436,0.08927905093898825,0.03471015837245602,0.029647991850911493,-2.7628480836117912,0.9870303835722801,4.805646333921382,-0.06052171526207933
276_910922,1.0,0.9851900068501789,0.9498166789924216,0.891573764174204,0.7554682485454173,0.5838393301775274,0.31810583911939977,0.09810870071338823,0.03693646720457203,0.027725441901646303,-2.5546073731256542,0.9720656306678622,4.989893703719262,-0.08085741209348968
276_722066,1.0,1.0100857686819638,0.9603026091767498,0.9246905240829061,0.8150263569486352,0.6325855443291233,0.36895847584013036,0.16544676880455064,0.06334308587146517,0.05453046156080621,-2.6012274345164768,0.9837793451904178,5.36506153399815,-0.042413177841448435
276_910687,1.0,1.010041028927384,0.9390952716850628,0.8710913507310636,0.6786293393050976,0.4953254112644116,0.23528110447334746,0.08395556371448994,0.028903395976277706,0.021261044923097393,-2.537763761020847,0.9881433314234187,4.3201497102326964,-0.08705334476821548
276_753608,1.0,1.0037624830295804,0.9672181207512013,0.9164749388154169,0.7831328516757735,0.6104413390365201,0.3507246954191092,0.14221499972578477,0.05087350943264408,0.04101051520000666,-2.4583022746179632,0.9855845229045077,4.980151894809558,-0.07144474213448972
276_907042,1.0,1.003315426126638,0.9607709790884392,0.9104969042175076,0.7678904482825067,0.6097258551915693,0.36027252656393577,0.13542979822391857,0.03145504272275572,0.021570347162047452,-2.1929617811860616,0.984797910696273,4.640348419151625,-0.12285146927397891
276_909256,1.0,0.9969849262088486,0.9557967611584992,0.9266764648388571,0.7982795937873041,0.5895715547773175,0.3397300946138295,0.14243933956595087,0.055042695555809436,0.04877363119244373,-2.7478746798307205,0.9813473306828961,5.363361836010808,-0.037156928805291506
276_1290812,1.0,1.000942891112173,0.9553711273746791,0.8946117933022556,0.7338892604000788,0.565341988749581,0.30804677939933883,0.12269829059464576,0.04289776189980444,0.03154245735757649,-2.3401277766564066,0.985464707662532,4.48219768787076,-0.09257020081900487
276_906696,1.0,0.9935410704648199,0.9624860647803907,0.9177498192890968,0.8049383751643805,0.6032792655408022,0.3175704102720205,0.1196134117369021,0.03248190490784784,0.032175336224274445,-2.9333414765021826,0.977186142067379,5.749121339497,-0.046973740016086056
276_688026,1.0,0.9934194321755956,0.943874615504518,0.8765770739876758,0.739213188612534,0.5531187183722829,0.2990891574832668,0.13725468865954485,0.043719209462719615,0.033701052403239444,-2.3182352752614883,0.9789460636880878,4.422835967016038,-0.08948288212224033
276_910781,1.0,0.990651076985535,0.9623857265204991,0.9317741715855107,0.8082304997401414,0.6019634011395092,0.31349367294768243,0.13377961070129904,0.05197370188049146,0.04175118721768282,-3.0454218697521944,0.9790589065814675,5.869742934658084,-0.023569752154786815
276_907273,1.0,1.0003672855641206,0.9581567048279056,0.8771991179332937,0.7032143062171149,0.4975387150480399,0.24524451662720045,0.11560962113403199,0.0493202059676392,0.04360500113348934,-2.7132056890288894,0.9881753270447271,4.567845154491701,-0.0450319870335831
276_1240200,1.0,0.9931865398808325,0.9443423742218128,0.8746323637823434,0.6855904128841823,0.47625403225177293,0.23597095470220694,0.1013636176948229,0.03714901961161476,0.029494963818693532,-2.696814414174869,0.9837791418795935,4.493353703993567,-0.05952545053085965
276_907300,1.0,0.998038208201253,0.9517966528537567,0.8949678140436733,0.7417923154648355,0.5460036722150683,0.28521319309983756,0.09548496051140494,0.030540948212133618,0.02627124124268067,-2.6451388171726204,0.9807846185356839,4.8787384050733635,-0.07439797747740227
276_908475,1.0,1.004482613180384,0.9488888420138645,0.893513647390455,0.7665993098351463,0.558091058904363,0.2624510737158141,0.09964622252391316,0.04472585800798651,0.03791509834266319,-3.038630254407539,0.9764080603931072,5.493204165154317,-0.0343029608895407
276_1240140,1.0,0.9991756969233094,0.9518394378576874,0.9038116720550824,0.7503659683104629,0.5424610986198777,0.2725784641575359,0.09897420473651901,0.03168567741959932,0.024086173819235623,-2.803095069809602,0.9811105417940643,5.103286384256712,-0.06129185030201459
276_907272,1.0,1.001621029640895,0.944596934868422,0.8677022148062704,0.6923414194695363,0.5106446657333036,0.2608269814574689,0.10828312568844041,0.03502315846810764,0.029707934607681147,-2.38104437027533,0.9866621213592344,4.199724911173907,-0.09130380464376607
276_910942,1.0,1.0024334421577343,0.9631153982075257,0.9157210766005318,0.7909997536965893,0.5829951129947105,0.31878359592650946,0.13089284533778756,0.044147603511515025,0.035729527989749356,-2.733773810438323,0.9838007634360966,5.278135149865179,-0.05195558535481257
276_906835,1.0,0.9985542565743462,0.9561765061724103,0.9115573480297806,0.7952052189274609,0.5885868918484379,0.3139777085969024,0.11652295083211069,0.041483966443340764,0.03286777504554658,-2.865404173640494,0.9778341676021465,5.534717036610488,-0.047554927042137714
276_724859,1.0,0.9989047501564429,0.9604696427502235,0.9270945197332408,0.7905976220532668,0.5882218708990834,0.31457746413953896,0.1357356134832728,0.05244635529951482,0.04464249541337708,-2.8602582100064184,0.9827921716281212,5.460590238303904,-0.03322454329910695
276_946373,1.0,0.9932348603513622,0.9463257595818932,0.8886001472172959,0.7606952880784804,0.5750741436039603,0.31667136193729356,0.11472791271552785,0.04440287641276933,0.036586645525292956,-2.5393129410148743,0.9747349182654933,4.905290910497469,-0.07068663132658552
276_906804,1.0,1.0057947372588656,0.9792935573194809,0.9395884644348533,0.8237022286688874,0.6044198269975657,0.32075627639514925,0.11647004315664204,0.049007302963158694,0.038598378708151714,-3.135014361973671,0.9882805131924306,6.041144751843111,-0.025191646643187553
276_905936,1.0,0.9974570537255611,0.9646974437782908,0.9079320717155271,0.7534427134602361,0.48033435854108103,0.26298562906807815,0.12021916060272986,0.0665650418486423,0.05532646951721137,-3.225717481433341,0.9870239678275021,5.368036862735323,0.004020315531464603
276_1503371,1.0,1.000556612610814,0.9602711154527745,0.9140157668252552,0.7639548801661559,0.5916576686147237,0.3440504959696746,0.16521737071441592,0.052529138646564416,0.039275390191110926,-2.235934311513119,0.9874433357369676,4.539440645051219,-0.09042056418206187
245_907268,1.0,0.984794855981583,1.0099969390799883,0.9705285681161078,0.9886741670373339,0.9381316270913608,0.8264497912296158,0.4851309979474527,0.019110096448215312,0.006431023347498205,-3.449220770502696,0.9810365661810093,13.530468716806585,-0.06265423437337173
245_905971,1.0,0.9866853105729082,0.98256829626127,0.960492073925252,0.9475309745258179,0.8792077200794978,0.733417303006226,0.3365888118292251,0.01804984019390878,0.007363846049261637,-3.2865438043090625,0.9690338144355015,10.958235980506371,-0.05996397091531706
245_908136,1.0,0.9855689507362172,1.007430914479419,0.9710559609848858,0.9843371828139702,0.9160648654273338,0.724741034558016,0.34583557788442015,0.017926842833254995,0.0064186856576854264,-3.246933135105633,0.986451785465405,10.7514750869025,-0.06221467775421551
245_1327771,1.0,0.9985667373163242,0.9943521236351014,0.9623339080200065,0.949757411251109,0.8771911668290814,0.7059861362938632,0.23938730201537586,0.018633486831896962,0.006477708343097563,-4.0256839701206895,0.9737659021536095,12.160899528633724,-0.030903174905669344
245_753548,1.0,0.9922660409474515,0.9971657335715293,0.9490848133443456,0.9633224238451897,0.8960349864236279,0.7852020840332093,0.4174408265967579,0.01834223169213514,0.006361332593469081,-3.2418962460871867,0.9708806045258215,11.889756787816575,-0.06752717464636766
245_905983,1.0,0.9887075828783326,0.9887714298472868,0.9581329848788909,0.9644998616049146,0.8944977547081643,0.6891155562260997,0.17824790374909213,0.018396058511708405,0.007595710110430954,-4.985852253296052,0.972637654425982,14.347220937210944,-0.010021471823341985
245_722045,1.0,0.9875339227374554,0.9908586061126036,0.9603806299991667,0.9620177282828196,0.8912527785338278,0.7638439182186433,0.3285187287086797,0.0183984603847101,0.007751658550617337,-3.6967394374635956,0.9719109964221111,12.333419115061673,-0.042682042490898714
245_1240186,1.0,0.9916263295716856,0.9902520549631312,0.973283369122461,0.9622792697513166,0.8948018514970725,0.7513403587896765,0.31247596405524675,0.014999492881888538,0.005350062855545416,-3.705608855245027,0.9761433688113373,12.11802196228224,-0.04471877147939029
245_1240226,1.0,0.9895618507327978,0.9871553210627221,0.9629717123101128,0.9591107149637949,0.8944579494883896,0.7422986890432576,0.3151358345991493,0.01691254475983585,0.006960841377795147,-3.626407639048488,0.9733259085887875,11.848948832647197,-0.04543051327386435
245_946372,1.0,0.9877635971537487,0.9822964931513546,0.9552436548570641,0.9540520233441546,0.8849562096467767,0.7448940444699144,0.3231830217297021,0.01902433231627506,0.007998783754446176,-3.5568244130610713,0.968653229664604,11.746933706681538,-0.04691263352882295
245_909260,1.0,0.9922457074344094,0.984726673723797,0.9619995374528005,0.9428033203018602,0.8517159762822887,0.5811765100592018,0.2489651271471994,0.016030973129027366,0.0070172829977667925,-3.102936544457561,0.9797780875011288,8.764289653134714,-0.06317221560265612
245_724872,1.0,0.9941029590454336,0.989469045442959,0.9547501731746347,0.9426418871480641,0.87496200639919,0.572322721679706,0.09484621960096919,0.018700599156252575,0.005698849362714448,-5.380663720984395,0.9705912273310279,13.988423724780128,-0.009853663814559885
245_724879,1.0,0.9923086798526145,0.9947879598196595,0.9514944530681699,0.9603009880938297,0.9141684994029355,0.7204323356698724,0.1897744263756973,0.020880125753796674,0.008769214085902095,-5.2332442624197775,0.9735092068179505,15.387997856588994,-0.004289992504696933
245_906856,1.0,0.991469126485118,0.99751371618049,0.9603323226916395,0.9643465399875332,0.9126463593030331,0.6864024779296938,0.34330156569296616,0.01821616878076193,0.006199095025805998,-3.0393515808750924,0.9824891158300836,9.90981961139549,-0.07163987900820018
245_1298349,1.0,0.9887741735239409,1.000522373811288,0.9515298769558136,0.9621863114364905,0.9115693439605225,0.7628167025224193,0.3393655957790876,0.01772578067176082,0.006250848065203649,-3.6548739005818933,0.97480151043646,12.294525093410195,-0.045428424021637236
245_1331032,1.0,0.9914942782148571,0.9866699832419753,0.9761924735956944,0.9319848243068322,0.8019553444229243,0.5935996153600889,0.26018581563413795,0.01700319696896351,0.006875437101747453,-2.5637860751668096,0.982842587047123,7.451018665936734,-0.1047461390052832
245_925341,1.0,0.9897705323791205,0.9933833717306378,0.9576886109306356,0.9576449124702148,0.9168884627905173,0.6765342087089858,0.27419084866472343,0.019187910210269554,0.005787560706264454,-3.6685532240625838,0.9792448393203688,11.169423461470775,-0.03968777149276564
245_1297449,1.0,0.9929098386911775,0.9893829223487796,0.9662682513812806,0.9552492086877381,0.8731897356918977,0.6842529211877356,0.271663047182225,0.01607006731242003,0.00718308563015715,-3.447074857018626,0.9765512360053887,10.553413499233432,-0.05126847517125076
245_905964,1.0,0.9905888046382568,0.9898886789305229,0.9620427267901487,0.9492228505555365,0.8688026060478268,0.7158141923313993,0.296870349918651,0.017445454441582395,0.008156127620955371,-3.4224027708985587,0.9718120306901664,10.898203136159424,-0.05250491554626443
245_906846,1.0,0.989673147952217,0.9887828198709266,0.9656265866928152,0.9517072917161156,0.8709714775685914,0.7128205274423224,0.33296449692868885,0.017467887545340663,0.007202010742861577,-3.0609396318084636,0.9740728395944587,10.080191208771739,-0.07217802109976211
245_906833,1.0,0.9899850600908279,0.984978230005915,0.9588529724680579,0.959486177763777,0.8921391972262183,0.751637656338335,0.3588642451621337,0.023141237955499206,0.009344755446118718,-3.3072046186106783,0.9719963227128564,11.297903090499945,-0.05661053596320136
245_907313,1.0,0.9898066812037921,0.9886552555105051,0.9649394263532187,0.9544338261743488,0.8737810097410783,0.7140323513973318,0.330763603994044,0.017667420182582952,0.007846948201087209,-3.112272712584468,0.9743996454167382,10.217703492098343,-0.06857714973269022
245_925347,1.0,0.9993072419586145,0.9922829312545938,0.9566558210049511,0.9589781037641857,0.8990807971844657,0.5944177078465378,0.06981344079749469,0.018333446022563312,0.00860349345758823,-6.673726971241259,0.9733311011002747,17.440651896824683,0.0006323588255414472
245_906868,1.0,0.9868923121557903,0.9870671590831849,0.9611677126458592,0.9614808905868135,0.8846296629450375,0.7312718638375619,0.3247129022264614,0.018027091292920898,0.007436170216088413,-3.385947393637843,0.973078419214125,11.117241540135645,-0.05481829921922515
245_687561,1.0,0.9913028184580882,0.9769601488557141,0.9500445166447816,0.9629415639481708,0.9302662448679407,0.7482258193557145,0.34231041143245156,0.023981042171005787,0.009575684923252352,-3.607667221140681,0.9738393550834732,12.070034941234002,-0.04142875406705888
245_688023,1.0,0.9931495485300325,0.9769978246880254,0.9692136129926935,0.9209190786356823,0.7717301942233098,0.5792665109743661,0.22300934820865714,0.015116026254809333,0.004723947301598052,-2.580470246794528,0.9791827344295286,7.228110912565291,-0.10651302604216205
245_1322218,1.0,0.9895358924297176,0.9897622429029639,0.9672703681448134,0.9538043518799467,0.87525664804086,0.7163036630080603,0.32991202576430473,0.01699643862261967,0.007041908616147458,-3.13829135098031,0.9747770426070979,10.305785429035376,-0.0680256599541813
245_1295740,1.0,0.9998639843238113,0.9929231418486525,0.9701576741067148,0.959668100215362,0.8842957856985035,0.7430324437305829,0.3899330412326521,0.014155574643441825,0.0036642405996343227,-2.903991625214536,0.9778437744269843,10.247155564707683,-0.08891176513604349
245_905954,1.0,0.9902084950328711,0.9724998052210707,0.947059153861515,0.9713997255162967,0.9149247972694711,0.6806290133798041,0.31271086683302013,0.021344935560240207,0.012737913595922634,-3.383251926082646,0.975918678189717,10.644150087330488,-0.04614464287288104
245_724812,1.0,0.9905049159835406,0.9887708860100689,0.9660605135071805,0.9552402103617128,0.8812367204184478,0.7351208153726114,0.3495670868987064,0.017415647951488294,0.00748027049168027,-3.1686825248879433,0.9737370285309963,10.680599960811476,-0.06688296096825207
245_687983,1.0,0.9912987909403347,0.989585004543605,0.9700810492010871,0.9561861943791672,0.8734042592919841,0.6927465648489074,0.30592935606683436,0.01610835375743886,0.007037651860017525,-3.162370501133654,0.9776336172455194,10.02833813303317,-0.06582388267802664
245_1303912,1.0,0.9874868342231852,1.006894512421194,0.9689022494727091,0.9800515620362186,0.9363116246241034,0.7891753698830009,0.44777083690423075,0.019505098152193468,0.0068163795332356475,-3.1756145244883647,0.9824798713566584,11.913419999880107,-0.0720191230738425
308_1290724,1.0,1.010538742114217,0.9940846511287686,0.9904798137713082,0.8716488235735972,0.7541902279720342,0.510086207844321,0.3070519369195855,0.025222184288567165,0.015123217090208385,-1.7249256080128494,1.000091259660559,5.162087541283987,-0.2024848017015091
308_907799,1.0,1.0129357796375544,0.9728444301155347,0.9470427237321243,0.8239893147783879,0.6305896957549632,0.4222808512420129,0.23707577396413018,0.022125620784292633,0.01459832922645724,-1.7463056676685964,0.9983144357298438,4.372230770695344,-0.19223277828714586
308_910925,1.0,1.007114096536522,0.9711770234750694,0.9442584141197208,0.8492022388724854,0.6916697671571495,0.452217245090321,0.22441798862025011,0.028244703035653174,0.016427865139309893,-2.017448492227518,0.987347722345153,5.133769131783229,-0.14831900547403212
308_910911,1.0,1.006116435022997,0.9814929470625048,0.9613137848940893,0.8597083241125728,0.7271179601142407,0.5009140265087093,0.2798244031178405,0.022704845775420358,0.010597400981171066,-1.6967056248253085,0.9913721447597517,4.991930962650627,-0.21196143321644212
308_1240173,1.0,1.0124981468297574,0.9716320717730871,0.9738118741006355,0.8794295070555594,0.7559269661927767,0.4959784678553853,0.2070655390709769,0.02532388994465956,0.015016927256243992,-2.527171312767656,0.9857093313505157,6.47987733894414,-0.09589729979213274
308_1240160,1.0,1.0099027301703265,0.9884582437362598,0.9960161888090578,0.8949932137302304,0.7928800759122807,0.517930684214228,0.23705218660114716,0.02853348866646102,0.015464460403512478,-2.554540328208146,0.9928448251052238,6.794567334001232,-0.09142426529720418
308_1327771,1.0,0.9983266930002538,0.9813574289061231,0.9619709286088955,0.8251885030563071,0.5982281926206681,0.4112706107424322,0.24150486722156453,0.030946735888504828,0.018561951150879125,-1.857664358876778,1.000676971398245,4.394631154794946,-0.16003357846170357
308_753548,1.0,1.0014259902796807,0.9745016999530117,0.9670849114283283,0.885738969171188,0.7104989622822635,0.5235539433672468,0.2639631288230741,0.03940226244697801,0.026763875490108602,-1.9033014387759555,0.9893666646431255,5.323861952431796,-0.15596450773837295
308_1503361,1.0,1.0040541227697264,0.9798125594748953,0.9114081236026795,0.812994863142617,0.6789021890956444,0.5144144297450065,0.2913141365248399,0.03153229311836322,0.015228681534589254,-0.9530027586736433,0.9917662358256712,3.72605648129539,-0.42041784456050213
308_909704,1.0,1.0050159136544323,0.9999259327022528,0.9973822183303845,0.9132102814717662,0.7610536430034668,0.4784046168788439,0.23944642103661237,0.02321055823141629,0.0072058528817022715,-2.478501988800293,1.0007609247433829,6.366127008410296,-0.10206500442735068
308_905947,1.0,1.007741105130872,1.0010986970959785,0.9651564746681593,0.902514670116238,0.7790267863672936,0.5335187927679412,0.2636810173682127,0.023990242883632634,0.01382075987345525,-2.2487057320578283,0.9913719793564046,6.296061744107869,-0.12640683440129044
308_753564,1.0,1.0060380564837894,1.0166265645354113,0.9798471480243256,0.8952450430965603,0.6865464950296228,0.45429896667910347,0.24563764888835635,0.010037784156104812,0.004396001038236776,-2.0788327794797814,1.0078427152270666,5.2804148562426185,-0.15374424248913238
308_910695,1.0,1.0063749063493832,0.9834581691831682,0.9523795103996472,0.8605985162648331,0.7168770796901299,0.5348770327791695,0.2833364191866365,0.02847290593110464,0.013994660755092828,-1.530730149271788,0.9905181426562026,4.802235324210185,-0.24539781472859232
308_753556,1.0,0.9922570696502976,0.9735631935248822,0.926404957370508,0.8086767187242684,0.6527362849957524,0.4360586058999132,0.22885001174488426,0.019835587111438072,0.008667756898477869,-1.6262822055726824,0.9871089958029293,4.328569481283085,-0.22479387042275073
308_909905,1.0,1.0052856110941173,1.0020706010433145,0.9631271670158831,0.8409601167108264,0.6797769424742935,0.45118313207732436,0.2923767300347511,0.0365903448742478,0.02559580009595148,-1.5806983549455427,1.0042615795968914,4.379465412903616,-0.2120079771229934
308_908126,1.0,1.0088071179143006,0.9778633730076924,0.9645914934100807,0.845315473730694,0.6595564792642912,0.4744893106888082,0.2366055787448524,0.025610478800777253,0.018766117764481116,-1.7759239649503722,0.9968482814372006,4.682459505833822,-0.18749733914334393
308_687459,1.0,1.0104107570955492,1.001467139569079,0.9656953334309812,0.8873329675316826,0.7406831654259215,0.4973722414046433,0.2523574124520425,0.02061766790998074,0.007362063176423905,-2.0579218706609588,0.9965388153336372,5.612393292040342,-0.15557473657934387
308_906824,1.0,1.0092730054751045,0.9969695463352511,0.9695952455062056,0.833133917902615,0.7173760284443754,0.4633409657180218,0.2607450116984446,0.0232305730356354,0.006673180150994116,-1.6996159183086956,0.9997608772867701,4.740601899343106,-0.21383546881984386
308_949163,1.0,1.0129616204496001,0.980264502045387,0.9700252129259718,0.8367575265136001,0.6691292787742075,0.4816881682144349,0.24882364803904444,0.033053952116014564,0.01680821886851316,-1.6335984347423862,0.9999880041286809,4.5034154868132195,-0.214811880282023
308_906877,1.0,1.0070438962478712,0.9550664755172802,0.9265005899078532,0.8598782892289,0.6792475340708951,0.45302173266334617,0.26494706606389906,0.024278157061576325,0.010311038019238094,-1.7190292159528335,0.9839106343715891,4.72981953212211,-0.20055815855645442
308_946358,1.0,1.0095557966240272,0.9776116140492167,0.9516275549865897,0.8479397311123646,0.6403670277411915,0.39742680968269134,0.20099122851372972,0.016791535759385943,0.01009007432947333,-2.23127093880172,0.9950497312390078,5.107738074919488,-0.1243709089453076
308_908454,1.0,0.9993869324045277,0.9812680549163515,0.9599985336984255,0.8619439437939994,0.7220237915866288,0.4872314018875379,0.24607073967898777,0.015850117710174746,0.009485329625849852,-1.968010041655396,0.9876848190976268,5.360523676605785,-0.16795275212597544
308_1240147,1.0,1.0094929467933287,0.9696437306783713,0.966232886150383,0.8690839979467883,0.7076990311077594,0.506618831122173,0.23375845234266676,0.03467050618377636,0.023001136476996392,-2.014391246730851,0.98903662231996,5.384899773041407,-0.14505869179928382
308_909715,1.0,0.9988453647723561,0.9680252677941846,0.9525636259845894,0.901706360727093,0.7373190838567217,0.5318172844660607,0.24385382637095585,0.029115156583824936,0.01610379705747392,-2.208885089166937,0.9804325785540553,6.083517987213945,-0.1265265535249743
308_909737,1.0,1.0144715989497755,1.0027209635874084,1.0116991832880764,0.8762390677695272,0.7735981147747101,0.5442431506307547,0.23123887719738986,0.037151611451494086,0.023828512391160937,-2.305116852940356,1.0001102540720934,6.233608705019793,-0.11203239911094852
308_684057,1.0,1.0055207920733291,1.0103216371597152,0.9630979325623666,0.8703457446220768,0.75394245768928,0.4794255951936998,0.2699747662155587,0.02272636108635338,0.010505790282757723,-1.971620158780724,0.9969837096407635,5.428373273122394,-0.1634668081189468
308_687561,1.0,1.020974834033166,0.9870751948276304,0.9974796386299548,0.9156813125905819,0.8236620147695232,0.612547973921359,0.28308995356174727,0.021234734191965032,0.010281670457713221,-2.4489380285020768,0.9912469834002894,7.348845694138847,-0.11361293743710604
308_910781,1.0,1.0086315991555515,0.9870966530144578,0.9647579174461756,0.8514584278680472,0.6964740132228072,0.4789608674454502,0.2521371543274343,0.020304290755513574,0.008954676572381323,-1.7537560203901672,0.9966527167666437,4.839029852460111,-0.20271452646145732
308_753558,1.0,1.0083726795145818,1.012793476275571,0.9695327440227772,0.8851049509795451,0.7664205617644458,0.5368883615823948,0.26929369122452734,0.02571293145925241,0.012700518604930525,-1.993782234879842,0.9962555143243095,5.745730286807955,-0.16245069997215805
308_906861,1.0,1.0017970464456234,0.9871396925265655,0.9800496689364065,0.8838265285586298,0.7496805699545179,0.5070470241517842,0.24443046087763465,0.0225970906474731,0.010964904790273238,-2.1908276879670563,0.9911254378634652,5.926203201979833,-0.13481110955143163
308_905986,1.0,1.0127463074958147,0.9865361399158731,0.9585212662944503,0.8668746180828402,0.7097609071358207,0.5086288914064722,0.25209698121191026,0.02643273532696078,0.013223173538827208,-1.794154596399852,0.9942952455868612,5.058295290558569,-0.19215556188675487
308_907057,1.0,1.0070201565628791,0.9918187883307527,0.9648672731026201,0.8809644211116819,0.7529821499279393,0.509246046666489,0.25338889535259446,0.025167646587164427,0.015672362935686295,-2.1213326350132427,0.9906357287879566,5.812010491168511,-0.13945891078411612
308_905963,1.0,1.0135227840618257,0.9971730060333233,0.9616169720278415,0.8819759593525522,0.7289181224183586,0.5168905521559445,0.24904845514871524,0.021481795535193568,0.012343403027800732,-1.9595410742977675,0.9953868264525724,5.449243405515328,-0.1683009184812571
165_1240157,1.0,0.9912271568746412,0.9021916092501304,0.7868133035692084,0.6535719030074261,0.47654633377135874,0.27128078644838577,0.1159368905977401,0.04087454434403851,0.025003139457191143,-1.6257307325510124,0.9856522843101271,3.0755808958882285,-0.20393533650910423
165_907799,1.0,0.9889104645843884,0.9196228729679056,0.7949079528400351,0.6579390389781139,0.45344559257274536,0.2212919761947434,0.0957733410467864,0.03631750725432808,0.022777417438567576,-2.1767463230638167,0.9810491137576071,3.639339951531805,-0.11870951367408468
165_753548,1.0,0.9909872984443528,0.902655313312081,0.7912282580634399,0.640639494217771,0.4399457614515472,0.21124188711406813,0.09047224480970655,0.03144015260839261,0.019784178520169327,-2.148164106249988,0.9804981672900069,3.5359300661459097,-0.1263588674515975
165_905983,1.0,0.9910250582481664,0.8993631991673171,0.7833348234542604,0.6624063115548456,0.4832496079957515,0.2751600704894919,0.11984898332889028,0.041335552054338295,0.025023085632871214,-1.5622775394887367,0.9845438230224574,3.040646685705431,-0.21768578194993024
165_910906,1.0,0.9911431225708331,0.9030206955621191,0.7874531774351055,0.653708139053253,0.4736739487724426,0.27626803766536506,0.12064212911023871,0.03981160811738199,0.02383735592720826,-1.5872565339046796,0.9866979753271798,3.036942950963685,-0.21225320471746473
165_1299070,1.0,0.9923492742257817,0.9152529070839325,0.7990916783268195,0.6619971948851507,0.47054698985072935,0.2564753269854948,0.11011821282913255,0.04004600188054788,0.024568812692757815,-1.895367052585061,0.9844391729654418,3.380928755331464,-0.15478720032581536
165_910900,1.0,0.9932958761141233,0.9057241430013824,0.7872258998961748,0.6602560370245395,0.48066855143901344,0.26856828642118064,0.11601086065572401,0.04063991606617432,0.025578837818619582,-1.6614328513376195,0.9856917264953491,3.130859415766301,-0.19693710193556868
165_909759,1.0,0.9929112163215926,0.9056650935006463,0.7866111732939828,0.652853154833787,0.47736465295079,0.27488000712208005,0.11447348332925789,0.03993643223629028,0.024343330294712237,-1.6079088229640206,0.9873426497007142,3.0581376694025693,-0.20907034456853657
165_1299069,1.0,0.9926369177781634,0.9045318638259779,0.7851717506916542,0.6547024259907097,0.4763939646653023,0.2744052492693421,0.11373355027732561,0.03883179533954021,0.023069465694349978,-1.600826846085151,0.9868842420875552,3.054682827241603,-0.21210915023233867
165_909731,1.0,0.9836839200182884,0.8778425255528487,0.7664943568127053,0.6431070129806006,0.4464679314204436,0.25556833177043514,0.11900188182616096,0.03785590252139715,0.022739059333508848,-1.547769242043399,0.9825106304778012,2.8935701470477535,-0.22101290147481836
165_1298215,1.0,0.9987307834743712,0.934571551949022,0.7811747609193995,0.6821316589964502,0.4653750220354622,0.2789603569010472,0.12169096487909244,0.04182314612350904,0.024986233519535717,-1.7255878423338231,0.9927117764503517,3.201969549521801,-0.18303878176122948
165_1240223,1.0,0.9916407698851805,0.90334449890531,0.7887947776944261,0.6551653884815951,0.4806440937288983,0.27932885214361913,0.11916352283048313,0.04139936712538881,0.02599457613021877,-1.5811494924272045,0.9863550350554958,3.0464506998468344,-0.21232496246810859
165_908150,1.0,0.9890704020519685,0.9049231084668928,0.7945560934757502,0.6593778860985929,0.467633539148322,0.25951482510765195,0.11808167178970823,0.039533571297974746,0.025099109070066586,-1.7989891229688293,0.9827589115766151,3.263966406477409,-0.16923459679309238
165_753565,1.0,0.9842246910378272,0.9268582172490789,0.7998774512578318,0.6717270875844511,0.4574464494949367,0.2281292134409106,0.09695569949767537,0.03186591784024197,0.022420194333651763,-2.226439993470789,0.9786100223154015,3.7665493966165577,-0.11425459721837286
165_687821,1.0,0.992243879791951,0.9030370378098024,0.7806542975021632,0.6507927267599678,0.4722830864169267,0.27183994164773667,0.11893405620787245,0.04077323068058786,0.024688675382402214,-1.5745158990723416,0.987918354744539,2.996796615418081,-0.21461577735722964
165_1327768,1.0,0.9889731133696604,0.9181645721876017,0.8083212129220566,0.6680355917369513,0.4605792438110991,0.2451693353638593,0.10403630208261616,0.0359536805109584,0.021538069808588068,-2.0972017436787196,0.9808193343131855,3.6271842339887352,-0.12810916018512283
165_907289,1.0,0.9882846781710098,0.9028668725127448,0.7725089390179901,0.6448899413849656,0.45387235250729985,0.2395299205430236,0.10460618186731986,0.036919253256303707,0.023723043290454993,-1.8044249352624822,0.9841872804819357,3.16853521593711,-0.1726102345577262
256_1240157,1.0,0.9867523564565358,0.9560323656107617,0.9201132964021674,0.8457287316373777,0.6657988673868823,0.46802572813694915,0.23406782168999327,0.029320185562960833,0.010407647149837317,-1.7513461824867294,0.9762888816420895,4.755043037594751,-0.1945670826395286
256_724872,1.0,0.9863425283685415,0.9546489027651516,0.9193018770315682,0.8476667096763063,0.6679139932073271,0.46890774571961713,0.23518598395624057,0.02947357487349626,0.01040633707899633,-1.762138734394726,0.97539030391728,4.790407537469447,-0.19237935609312246
256_1330987,1.0,0.9864140436092622,0.9542624613027119,0.918747977983651,0.8469418161235899,0.668208649070475,0.46938729199006085,0.23374064223699978,0.029315974191881467,0.010257494690151246,-1.7644886691029615,0.9750885718960707,4.795317989986943,-0.1923170383986109
256_908450,1.0,0.9867872199244428,0.9562000060477603,0.9202212998431228,0.845115606092632,0.6654607645448257,0.46751912542974594,0.23352240207624805,0.02917291271768514,0.010320766968781847,-1.751269276350548,0.9763931683939625,4.750418620107357,-0.19473361243257356
256_910935,1.0,0.9864572051361856,0.9551966024976054,0.9195978440004917,0.8464398605394302,0.6671965696229244,0.46791247990892915,0.23221753526625913,0.028990778978584875,0.010059461181991856,-1.7729266642638062,0.9755553907732614,4.796478856290273,-0.19107364048144743
273_688006,1.0,0.9902362001185855,0.953721399896969,0.8587855505895613,0.7786582105357787,0.6116159911721114,0.32506719372752757,0.138162506032963,0.052740113017241984,0.0416098562033976,-2.4366487581642917,0.9689007332266218,4.9201816539298004,-0.07287463969737851
273_1240190,1.0,0.9900825836482215,0.9548256828502814,0.8675145153548307,0.7958627608077325,0.6431689778506962,0.3797757177890401,0.1604349319358119,0.05439450290169809,0.04314363401935406,-2.2288038944332462,0.968224715009543,4.894197654909465,-0.09317342728056337
273_909194,1.0,0.9906477767533012,0.9556533761191068,0.8624779868932283,0.7835491637864612,0.6243325936994949,0.35063332376567535,0.1475909425175283,0.05278133010551711,0.0414856715054583,-2.2915176716093826,0.9699984624031049,4.8145379309540575,-0.08807416864023127
273_905945,1.0,0.9899125545754565,0.9541101491853218,0.8644563991829325,0.7780438537637258,0.6252758092506748,0.36499417232942655,0.17754035757404676,0.056250773518454346,0.04550752777186475,-2.0062086655926024,0.9738201608471585,4.403439951789307,-0.11656215653098449
273_1240173,1.0,0.9907651610550823,0.9537691613011634,0.8626491362510027,0.7844115648643005,0.6369957349054565,0.3520170954546152,0.14734094231012976,0.054841109192881266,0.04408281992762059,-2.3488765510905854,0.9674507322594679,4.953180106353331,-0.07997604663029802
273_905971,1.0,0.9903934036641822,0.951656165572898,0.862871873043197,0.7855304610280421,0.6248839356183532,0.34659610889398634,0.14344557209357134,0.05388880848656053,0.043835688535532186,-2.3909100660393707,0.9675180385815385,4.966131261328627,-0.0757945550170411
273_1503361,1.0,0.9896439166944092,0.9522898790118965,0.8648401083000904,0.7800681760363627,0.6124983027068351,0.3374625631739145,0.15074767740414488,0.053959428786931274,0.04352941092537139,-2.335595788873509,0.9704113102559988,4.798140651516015,-0.07969289785562086
273_687563,1.0,0.9901118648838451,0.9523453064314856,0.8624473895881857,0.7836766485266411,0.6359158013098111,0.3480772534061833,0.14939656675181742,0.05486474861230558,0.043630973737548366,-2.3516901110352952,0.9670891617896011,4.946302662368109,-0.07935680708091253
273_907287,1.0,0.9907196880388739,0.9523830259301128,0.8642444664267561,0.7887032578186041,0.6375798333798356,0.35286185070714077,0.1487854548533847,0.05366030550897294,0.042765969039996264,-2.3781375293751665,0.9667294189720931,5.022597736171398,-0.07776695679912392
273_1298352,1.0,0.9906718373119666,0.9527406613601985,0.862703629710532,0.7871263509307903,0.6381209080679081,0.3450438745225695,0.14877907172719795,0.05407528851144017,0.04261517713394231,-2.407836923723367,0.9664504674808853,5.0475739724523985,-0.07447424926091276
273_1240226,1.0,0.9905800870963403,0.9536361069589914,0.8666147746913936,0.7907631605036105,0.6406319000187873,0.35471393935947676,0.15040192719135015,0.05505607340141976,0.04314932388978152,-2.3950119026613956,0.966906445899337,5.0673025097433575,-0.07508931827472845
273_925346,1.0,0.9908015924132164,0.9535269977221583,0.865742490786427,0.7936402131011834,0.6460443049371504,0.369325719465945,0.15503131839149295,0.05369090818830316,0.042108253805922674,-2.305721682580074,0.9668026728467799,4.997729455286482,-0.08587911142071271
273_906855,1.0,0.9898726111331345,0.9614449566481685,0.864677346319905,0.7755824495562016,0.6002722262463299,0.38939797539792326,0.1578877087375984,0.05294004512440145,0.042423651807368824,-1.9053377544103844,0.9783756572737986,4.217096771134554,-0.13824399501172258
273_949153,1.0,0.9915592617009752,0.9539930407171275,0.8581561033183277,0.7723141922600852,0.6061821850394221,0.34120013823282774,0.14033832067545002,0.05339252386550164,0.04250056658179561,-2.247200833494341,0.9721937969152031,4.623782220096597,-0.09258284172367387
273_905977,1.0,0.9883437390871271,0.9504885838744547,0.8940815109236359,0.8039403266824005,0.5929840757353575,0.33169641301151565,0.1320464219153464,0.05556621793390739,0.044637437587396724,-2.802224272352062,0.9704718400035129,5.4968565421339965,-0.03727852760027623
273_905985,1.0,0.9909184776829686,0.9524447834034295,0.8634715851367177,0.7873202776698922,0.6380553070330032,0.34781697292374075,0.14882081227246177,0.05355783752676301,0.042169732524504185,-2.390701291057269,0.9666773222469578,5.029268372326808,-0.07678261699927082
273_909784,1.0,0.9892916269968034,0.9529434141610306,0.8778275519959092,0.7856395217658282,0.5975824102762829,0.3393509734159501,0.14113464768744402,0.05379650611939788,0.04268145119857686,-2.459982736489782,0.9720502792279764,4.952975399530312,-0.06780631717398194
273_909759,1.0,0.990362192884982,0.9520817105013606,0.8637500959847147,0.7874716662065214,0.6373131438632939,0.34534747893942436,0.1488515331579141,0.05375171807746141,0.04242546329718672,-2.411986652833541,0.9663461152726638,5.055018913019664,-0.07418431296993233
273_906856,1.0,0.9892569664594909,0.9538733933734012,0.8655637442017965,0.7871857342798526,0.6273960371331833,0.35303281667117625,0.15415055620247584,0.0533620083648493,0.04276178891965162,-2.3054666455513484,0.9690503798460722,4.865828546014186,-0.0843355766846055
273_1479988,1.0,0.9908653423858085,0.9564603907964488,0.8645324832358993,0.791966650347732,0.6333260539715896,0.357200294057134,0.14454646001596452,0.05499476488637293,0.04367069563562528,-2.3939902845728924,0.9679569643827104,5.038642535002559,-0.07569369523698188
273_907791,1.0,0.9909828837241439,0.9585030299742133,0.8598949926942557,0.7782616313359599,0.602684877723549,0.33200919384283506,0.1426210646126667,0.05442408179458242,0.04331691941831465,-2.349832418225602,0.9727278333711308,4.753369843110553,-0.07920007167149168
273_925345,1.0,0.989381656513849,0.9531050642337066,0.8636225661075688,0.7810818871393814,0.6239638616197127,0.34777162345036117,0.15544894928561903,0.05392269806408471,0.04309679954527828,-2.261439973028417,0.9698903245047606,4.755504121566014,-0.088519873178893
273_1240147,1.0,0.9896629138991951,0.9538873537144296,0.8693670069112572,0.7873658933506621,0.623121624422671,0.3517047568708776,0.15402852291328945,0.05372402978335927,0.04310284553504174,-2.323582560932142,0.9700697800863731,4.872412551011066,-0.08164236381905154
273_907000,1.0,0.9902150652442362,0.9513815695763889,0.8638463074629467,0.7885962619138289,0.6370933391858569,0.34593173114874554,0.14787100692309232,0.05349467129859666,0.04231992998377993,-2.4271471054927565,0.9658659883980124,5.084671009415922,-0.07292055656664953
273_1331040,1.0,0.990511713663528,0.9519724217201543,0.8645467485146522,0.7877760929816094,0.6379871421384404,0.3472749481486843,0.1501331264493088,0.05383837694639256,0.042591773261344924,-2.399682622445022,0.966546418717212,5.043268700675431,-0.07517230736785524
273_1240138,1.0,0.9892551746160398,0.9606276867921819,0.8844585588379452,0.7508268194479303,0.5041571589608865,0.3174146687010979,0.16059218493444524,0.05434220711636964,0.04363890525242348,-2.367613866714653,0.9867246543522323,4.355842413263681,-0.06544210498590187
273_687448,1.0,0.9906690717387775,0.9516298456632756,0.8704702599441742,0.7982600846183011,0.6380921119514896,0.3537596912729419,0.14892388373048837,0.05450272763157691,0.04240170308463991,-2.489575362131057,0.9660278683850403,5.230538085983557,-0.06610518772426507
273_907786,1.0,0.99011281637422,0.9478393278086945,0.8611141068219018,0.7800482264479713,0.6149748035441391,0.3446156562912413,0.1610553722430069,0.05636232842932449,0.04480983225170022,-2.2225270992350343,0.970023784140583,4.652027906091245,-0.08943935282663609
273_909747,1.0,0.9912512790202692,0.9520117430999272,0.8617100620096557,0.7810741599999789,0.628484411658531,0.346904070573899,0.14465388299702794,0.054659910132781514,0.0445071290885062,-2.343617030877814,0.9681144660330693,4.890391211215106,-0.08027955287700338
273_949094,1.0,0.9912116738902336,0.954052671409601,0.8674442439103575,0.7960566459548376,0.653429284716673,0.36326061818560124,0.15412923769304857,0.05604707274509352,0.04414592894233555,-2.4206680842158907,0.96545009232545,5.193266914953207,-0.07164041956623601
273_1503367,1.0,0.990731644292552,0.9528026831081405,0.867854192213005,0.792117252839974,0.6383916801860593,0.36079653518442617,0.15476299589095194,0.053353857590734695,0.04219123270508079,-2.3314233953097867,0.967754577992526,4.982589516582615,-0.08244370661204913
273_1240185,1.0,0.9901592177786709,0.9513859999277292,0.8639672390598844,0.7883782028820864,0.6403743789280806,0.3515457768507854,0.15238055634881353,0.05482724481323939,0.04348634034035792,-2.3761038522998175,0.9661425945399081,5.026256165595231,-0.07651784244148771
273_908120,1.0,0.991204517386965,0.9537035661680214,0.8647965335005868,0.7902866960463917,0.6398777258637255,0.3508388941345795,0.15033452389134583,0.05560465472499157,0.044122565456623936,-2.4102547481755607,0.9668694368871077,5.073191094210608,-0.07263593379491214
273_1299064,1.0,0.9906364240498657,0.9527888928828689,0.8647884607510198,0.7885710713477527,0.6401307149425626,0.3565201419002015,0.15232310090971196,0.05470578985009022,0.04356949796168965,-2.3442477702670224,0.9670753301877363,4.984594875677398,-0.08013133672517368
273_906804,1.0,0.9902759566576279,0.9514973119389764,0.8640967818099402,0.7871314057797864,0.6352344628297131,0.3424576508553649,0.14671639914800982,0.053442940213184964,0.04219444941082392,-2.4375440819446137,0.9661442743058635,5.080955473290988,-0.07201384408041565
269_1240157,1.0,0.9975774232744418,1.0243729566163606,0.9427419911428973,0.912975901887955,0.822250016206004,0.4475900242243788,0.11803883064101657,0.01966453363913785,0.005245150112241287,-4.164806164548165,0.9814947812360122,9.86320822791557,-0.0231027545463575
269_909257,1.0,0.9940611838436588,0.9962389546560465,0.9556348009941743,0.9101530511574606,0.8206254759960198,0.47426999686945376,0.12601040362141347,0.01879165687287286,0.006103026794125538,-4.008901834630078,0.9763015118531401,9.728811477341186,-0.028134338649035768
269_1240193,1.0,0.9923161073407073,0.9968846001775233,0.9551145803742674,0.8921886382914593,0.7832369940062952,0.4634205965671729,0.1277681072167748,0.019091422251105737,0.006804003459161197,-3.542656419535206,0.9767878674198041,8.477988696625061,-0.044181440167593
269_1322213,1.0,0.9855172475478118,0.9867159032100989,0.9741738734042619,0.9962443809750253,0.9206461788179646,0.5716354365022622,0.16504461621662436,0.021259810215811543,0.007542157815101348,-4.735806194547372,0.9893021054291172,12.495968463230579,-0.006786726065212757
269_909737,1.0,0.9967076459947196,1.0203551489222409,0.9461141492812697,0.9137508952547432,0.817500595234616,0.4548999770856253,0.12188723044519308,0.020326420598048584,0.0053861681740828985,-4.0426309803443,0.9815550108824628,9.62544138294704,-0.026272490683389986
157_905952,1.0,1.0080117898002947,0.9912314377324473,0.9751501577979322,0.8898512370330188,0.7591635908487636,0.29086798128371766,0.0995642833657759,0.05776838524495027,0.05327668091416456,-5.479317315901174,0.9811965026535105,11.116639897157171,0.04303277773957706
157_1240210,1.0,1.0043863917426827,0.9871082550377973,0.972041481974618,0.8933714522101172,0.7488735943669086,0.2907630345771037,0.10724016915159856,0.06177591362682947,0.06227060711839318,-5.4332075910348685,0.9800606599170013,10.941045055619922,0.04987300397383267
157_908142,1.0,0.9999518508587095,0.9850056346401538,0.9715695307791999,0.8939530995351112,0.7724113912702603,0.30968213928753346,0.11990053677154071,0.066265146090962,0.05981966302646496,-5.41754314707324,0.9777675650137895,11.14911751112389,0.05295282413326324
157_753545,1.0,1.0070865382674563,0.9614874432859515,0.9621955485106555,0.9033074088842937,0.7666058522633522,0.3215423583464276,0.10964754993208937,0.05581144116882428,0.059411360722787215,-5.287367080213445,0.9738300402152009,10.981630681196162,0.0446382465951002
157_910925,1.0,1.0054324512130168,0.9780899284218596,0.9665714406855299,0.8910885299711883,0.7443883304427201,0.27630197800230294,0.09556896555992427,0.05643865645804442,0.05555083386803169,-5.626541739539367,0.9763018252051685,11.277669591864647,0.04480169216658179
157_924111,1.0,1.0079775091428753,0.9773218006511885,0.9782369278439252,0.9024378928344582,0.7492606590804055,0.2868369374830938,0.11162396919351829,0.07493156270848339,0.06964062446922135,-5.685047396854326,0.9808163866760465,11.366858813113717,0.062137939698090304
157_753624,1.0,1.000821214201476,0.9834939233308576,0.9643692111285763,0.8851530157393412,0.7506605174645172,0.2867789242617524,0.09988275943020493,0.05943554235428738,0.05419947209632856,-5.479349595875265,0.9752309673565197,11.07497611567563,0.04436276068600204
157_753616,1.0,0.9990263681631014,0.9971523239280127,0.9755679462563686,0.9029150083181716,0.7936954749035631,0.34885698892670963,0.14149332332790152,0.07781387921156659,0.06725537965854127,-5.104428544772435,0.9825621029787388,10.781013066540911,0.05996372327088292
157_753618,1.0,1.0013333670169586,0.9809322289620749,0.9651678012413437,0.8866823650744243,0.761412791164208,0.3017666807270027,0.1133237333636135,0.062294566496314034,0.06015620340342364,-5.387053241971658,0.9750954959037536,11.005941603010411,0.04974924031712957
157_949164,1.0,1.0031122052223338,0.9793748886413298,0.9742618766877204,0.8984821284332822,0.7530718821162946,0.28534091426058467,0.10126701952076862,0.05980986572805666,0.060801890755734354,-5.6597067097876925,0.9784740382322159,11.406551631979148,0.04993207912749268
157_908443,1.0,1.005618226069396,0.9897067160700592,0.9829409795898489,0.9118181887141962,0.7798177217421953,0.31035223299893794,0.12355812634491337,0.07469408348738764,0.06753358145937463,-5.649602932696258,0.9845368215410125,11.583749597729708,0.06319756055250418
157_905947,1.0,1.0077732613468042,0.9793219840018347,0.9679160230621489,0.905623363813571,0.7665350078514098,0.29460968277553223,0.1047940447727979,0.061578893651604676,0.059667005091930514,-5.720646555023822,0.9786223490089104,11.65537738658902,0.05154175596009561
157_906821,1.0,1.0071074983761754,0.998653709263456,0.978470125383105,0.8993275154569575,0.762125138728088,0.2994874242482089,0.10859091916482855,0.06502687377100451,0.059603721026007694,-5.442977430410684,0.9849103918735657,11.053313169932315,0.05012046149991936
157_907274,1.0,1.0084486524318208,0.9961481237595992,0.9819074118673113,0.9000314784686926,0.758235162747566,0.27968573007658243,0.08739697220246168,0.054287281471794895,0.05010815409535773,-5.711343325335647,0.9847245871855033,11.518519359977262,0.04039024765527989
157_905946,1.0,0.9997177604193368,0.9947787744078068,0.9838885240477389,0.9267404044697183,0.7954035659502363,0.3146160360252767,0.12585439001111476,0.06781533589746891,0.06511789502735536,-5.815138509642411,0.9862798688101269,12.048680576678768,0.06203921707397823
157_1240196,1.0,1.0091639684533096,0.9692596837756801,0.9673622461221028,0.9014671158414492,0.7489069190221725,0.277138939937714,0.10909866876542067,0.06804518563323152,0.06395218804880996,-5.826125087041321,0.9765061841203376,11.648634019144676,0.05834599955911782
157_910706,1.0,0.9982953425131379,0.9729879276323805,0.9696715446048011,0.8839426660112532,0.7492965026134865,0.29111896618931693,0.10638789405519755,0.06187254707887244,0.055818776526595726,-5.389521571669766,0.9737331920159678,10.909037208575706,0.0464344159658264
157_1330987,1.0,0.9985969962643493,0.9784811381201527,0.9648615730435961,0.8823638839454787,0.7595029498283999,0.2944994823682821,0.10589568905761519,0.05793396437248804,0.05237667720226968,-5.4275380800727415,0.9731298890963604,11.079858231832487,0.0436749062673547
157_1287706,1.0,1.0042824500932737,0.9712110475903462,0.968205991343232,0.9025019671924666,0.7859996207429979,0.3380990939381993,0.1243245944431247,0.0657577662393087,0.06431597666865503,-5.2784379786277675,0.9759234578336663,11.11141289543048,0.05315344552765038
157_946358,1.0,1.005691889997738,0.9930620667444297,0.9786703091536489,0.8958349489018117,0.7687023553414437,0.3028835300634812,0.10316311803841133,0.05687119147406675,0.05240505165559656,-5.420325102278371,0.9825337699076007,11.114814731801156,0.04226231527876448
157_1298167,1.0,1.0056589421055582,0.9816045129734903,0.9732172778151655,0.9068012413678627,0.7757808112510204,0.32612510873041217,0.12410257289407328,0.06607258312427071,0.06012699000828253,-5.238237601820426,0.9809524849235287,10.887301643846197,0.05132115295197706
157_906763,1.0,1.0060434466529466,0.9983100720086502,0.9887908961256944,0.9070378263696948,0.7732609659115676,0.2992898759426031,0.09927666522536277,0.055724309675142615,0.04961610033271191,-5.560480682518729,0.987174499655586,11.390108706801376,0.04161827755780613
157_909785,1.0,0.9972863420328485,0.9758290289813596,0.9678080918778923,0.8816220951963434,0.7554925837859633,0.30938333723301276,0.1142097298518363,0.06076577636825611,0.05613273999733199,-5.110759280735272,0.9739657778666619,10.482962260344296,0.0436068787171068
157_908158,1.0,1.000576256981826,0.970036233251656,0.9613933033541832,0.8797572086257532,0.7408196568394524,0.2804612953026902,0.09586130609813809,0.05617318789413642,0.05499770089049249,-5.471909504329093,0.9711341106765947,11.000482132507948,0.04258421425838887
157_1331040,1.0,1.00208739216024,0.9749060586398625,0.9663917093494034,0.8890613174106626,0.7344582419700642,0.26528451244473855,0.08429633681671711,0.04972780774126969,0.05011435260026659,-5.663515821955948,0.9747261866334149,11.280926445777132,0.03788822494658435
157_909713,1.0,1.005789529334106,0.9614872053397953,0.9650300575910177,0.9043827264577522,0.7895689328154418,0.34538643772264316,0.12446761243945954,0.055634113536557527,0.057616094863403584,-5.166504532003817,0.9738599279808643,11.003605399450693,0.0445937159530486
157_910905,1.0,1.0018839739958445,0.9725717032278144,0.9694496089793949,0.8920633599551889,0.7599785076468709,0.30065113829168083,0.11011120229049015,0.06307465998625457,0.05710850360912723,-5.427701496168195,0.975068247505808,11.084445858445001,0.04870055923562702
157_910935,1.0,1.0073812230176034,0.979655619787232,0.9720052054195,0.8857041557599715,0.7465964959880971,0.27495742164636255,0.09693729328030486,0.0530540324039984,0.05190987030276672,-5.562512846164211,0.9775499607155532,11.163379775749679,0.04146520370353537
157_909696,1.0,0.999131572170874,0.9772216950899595,0.9653631126006421,0.8883590839720682,0.745565969335085,0.28928048566906234,0.10806319289259243,0.06764757507587156,0.0631583371664416,-5.475995004813749,0.9745219161878634,11.01318300088437,0.05329372866787193
157_1240183,1.0,1.0096970366291405,0.9910630868541676,0.9861033685638546,0.9189628754282042,0.7706376475157318,0.29960408552980794,0.11118260029447623,0.06298837040460904,0.05633495800548691,-5.617497147014045,0.9879081952200435,11.454314228060507,0.05110876827684558
157_908473,1.0,1.0011540102482528,0.9778241349495929,0.9706101117823129,0.8968243653515868,0.7433714471663854,0.2884624606421175,0.10878159651958517,0.0658909121926572,0.06365855032228333,-5.483470034737104,0.9776599884495322,11.000485363289892,0.05330854496830352
157_1322218,1.0,1.0019669885521698,0.9771713763357245,0.9632341351386042,0.8854151956190144,0.7407924559977945,0.2801068424481085,0.09397243980085986,0.054716165614044854,0.05523845464402005,-5.489026392433394,0.9742205350891722,11.020742899633417,0.04192409684712134
157_1290768,1.0,1.004090807831086,0.9788766370158369,0.9677831736885842,0.8907860381579633,0.7426987320470614,0.2821718617388844,0.0999584647826088,0.059614608997248686,0.058219068913839746,-5.508520845092123,0.9768443463522813,11.046784045712302,0.046737982654159474
157_1298359,1.0,1.0027574951115532,0.9933811126765931,0.9874699903255308,0.9080986022319962,0.7536960198913727,0.28136229743325963,0.1020448146191535,0.0613194562998314,0.058236152704304996,-5.7007362903988295,0.9858045817937136,11.434630880380695,0.05018981176742836
157_753620,1.0,1.0037668940838589,0.9924369032835182,0.9696428952457866,0.8981300774470932,0.7705566909698042,0.2961043147050438,0.09762132486924813,0.05483669588788864,0.05107407842605275,-5.618867775926598,0.9797484889514906,11.51380478746277,0.04224137603726595
173_906847,1.0,0.9934058077890903,0.9524302639781704,0.9315265123700446,0.8985166807486286,0.7859118825817722,0.5619619668628055,0.25220706646235386,0.10115616843753665,0.08575012906811187,-2.8503863530334272,0.9639993702180121,7.4867628335718965,0.008306491364064332
173_1247871,1.0,0.9905493556067896,0.957087735193821,0.9457173804364295,0.9097286278592138,0.856823223241233,0.6222233973397527,0.22393158753298417,0.0924933009387688,0.07961238549658038,-4.116462334931601,0.9585672356242803,11.186593132862262,0.04884184854067487
173_907060,1.0,0.992261175324054,0.9457499712099319,0.9288260546762389,0.9003982206620812,0.7727028787222113,0.5801706139258427,0.27417552870477463,0.10235452779733556,0.08760973835116231,-2.546695282156206,0.9631451118250216,6.954210587275266,-0.01206125745498042
173_907280,1.0,0.9952337209909264,0.9297768167487304,0.9056587945345896,0.8853940568782525,0.7560223842833471,0.6058460587018778,0.2660046341866617,0.10504941078710218,0.08716893085140176,-2.416321228721125,0.9527117234385182,6.7977665478708005,-0.025060848325451024
173_949177,1.0,0.9932080887542787,0.9366506114484155,0.9060730079812792,0.8724105227726621,0.7382616344932179,0.5736628288330029,0.24485043299311218,0.10044942440493221,0.08482506871850432,-2.344970722361642,0.9565113385654529,6.327181923517788,-0.03525650590053475
173_1240149,1.0,0.9951372292766122,0.9349429992873887,0.9070505606458482,0.8763953040146838,0.707291637988619,0.5113041352995885,0.24345801810542667,0.10435306267729223,0.08733672265919024,-2.3276277970001553,0.9637963827948455,5.824146505877595,-0.028406630272404438
173_910947,1.0,0.9924336997102267,0.9587925272093898,0.9329868692393934,0.9007163865174453,0.8258048650447515,0.6582655322645586,0.28135426342053216,0.10032677274036113,0.08541637743856191,-3.183577504436352,0.9560791308229095,9.24124889299992,0.022603300509538026
173_908159,1.0,0.995674110041334,0.9369555882072964,0.9161521441903986,0.8753218254398814,0.7237516806356852,0.5491099696588276,0.25115981642139334,0.10661699261429843,0.08905771979342429,-2.2499424392568264,0.9635616541506701,5.91700733300723,-0.03726157164116134
173_1299070,1.0,0.9934703498918305,0.9422036408313289,0.9232261842117135,0.9174455958843789,0.7608489420854365,0.5390343057606709,0.21282884227381393,0.09805750058587866,0.08216777977160487,-3.1159756577122333,0.9624861798473148,7.773617897905643,0.0189187513977826
173_908151,1.0,0.9929737822807271,0.9376496915146868,0.9127799174607256,0.8662005377645362,0.6829605427817106,0.5187132747363148,0.27987697465739775,0.11228918454411448,0.09441559901663472,-1.8550762062278139,0.9708089092394832,4.921836873189857,-0.07668099570077658
173_910706,1.0,0.9918775204370448,0.9396510443406845,0.9252497943533614,0.9057460218640689,0.782491636656105,0.5732933313005399,0.23976153274105683,0.1058751263098036,0.09006459611756755,-3.025578230781549,0.9584674855016359,7.915361496133278,0.02209716190575171
173_907277,1.0,0.9923146761120448,0.9598936543056089,0.9334206367994612,0.8917659298396288,0.8340434891525753,0.624179437690762,0.22018024983547232,0.09274196771142958,0.0784931673562629,-3.86354744577338,0.9534661843903443,10.526883948334044,0.03985327635101495
173_907053,1.0,0.993102137074031,0.9584185981674528,0.9255068045751088,0.8958727130026523,0.8564100561488189,0.6831873164491306,0.2909522130578579,0.09920309672334972,0.0835964292293598,-3.6381722838199977,0.9511791186699162,10.813460736882137,0.04063707607015543
173_908454,1.0,0.9968593171312716,0.9389202163583171,0.915397554395368,0.8735588077622931,0.6928853869859627,0.4992556493105833,0.27065112359929744,0.10319675133647797,0.08625931322368198,-2.0607401177428537,0.9711643802872754,5.258071066621348,-0.0567723414814783
173_908127,1.0,0.9917774771379202,0.9511032576675315,0.9357818371699654,0.9032107873277435,0.7413745408111905,0.4977435085520925,0.2724177222141077,0.1046356008364732,0.08982275980409887,-2.571164431085556,0.9726753525392782,6.374667078581781,-0.0002940792355820417
173_908156,1.0,0.9930131879186228,0.9570518388867754,0.9385698791597572,0.9163039060254802,0.803977467687924,0.5687790071035153,0.2607611162039765,0.10109134142335004,0.08590439008496303,-3.0002781863062733,0.9673857224216769,7.936886459172041,0.01822828408625811
173_909975,1.0,0.991803795893394,0.9481507724647605,0.9187003550227071,0.8771928528419686,0.7717516564828216,0.5321843417185509,0.24449459208584004,0.0994938009626799,0.08520873373308341,-2.7533868468802187,0.9601785645576161,7.0491031664189014,0.002011215338377001
173_907272,1.0,0.9925430443335616,0.9437432225475381,0.9154552716296372,0.8934529728282335,0.7724151748697464,0.5767833567840663,0.2131221496491094,0.09692491249672859,0.08128686979835319,-3.071736176266896,0.9547596469010312,7.999302587028346,0.012250633451898618
173_1298359,1.0,0.9928869687921321,0.9521086506849549,0.9230367453658852,0.8696406735888864,0.7735700561975475,0.5912569094674301,0.24821444465778195,0.09788213033690536,0.08293820957103727,-2.589517993054979,0.9581404745359804,7.069879334502842,-0.017220197384353524
173_1331048,1.0,0.9937326366026621,0.9451827677618105,0.9217472532750746,0.8990572480363127,0.7699355296493509,0.5308011796624463,0.24095784843695936,0.0993541918183108,0.08294106612490626,-2.8794151475902443,0.9625490928131049,7.30292113384257,0.009406093526241268
173_910852,1.0,0.9929462403062606,0.9444414424029298,0.9269021737363211,0.9102115837326119,0.7475850741535527,0.5080455977640833,0.24085724920461438,0.10430193990183416,0.08773025313899631,-2.8660659775560626,0.9670939334228226,7.0161843787027065,0.015985771150848076
104_906847,1.0,0.9959462696563364,0.9587476469394351,0.9713273456413761,0.8710241119221601,0.6848595083218859,0.28779014862769486,0.1064516748296056,0.04890334036999986,0.043220173036568964,-4.432559267263072,0.97615353196865,8.740230129182102,0.02075528904511239
104_949179,1.0,0.9960986511378044,0.9533146839872441,0.9626711733404036,0.888828340300248,0.6848264669323069,0.29223861412086044,0.10838951136452342,0.050693871212744275,0.04563755008978815,-4.573165623599304,0.9744076040820145,9.043310869729188,0.0266371027716791
104_907280,1.0,0.9956344297596454,0.9649584299979068,0.9629523968257304,0.854624458795573,0.6548137211852944,0.255030267324689,0.09894024934139829,0.053249277106372776,0.047904847358461865,-4.53077288104169,0.9758331753051684,8.60577321327856,0.025411204031698106
104_1240173,1.0,0.9953874692645576,0.9698842477823127,0.9659903357056182,0.8607972785615452,0.6263274134389084,0.2521344449646647,0.09517525151309932,0.05088608652503026,0.04618458940574438,-4.4481891393394095,0.9807456119722242,8.29559600152347,0.022557844212735163
104_1295741,1.0,0.9959075123134937,0.9790127677036947,0.9613055772537241,0.8653460032385327,0.6418495922514916,0.2608953165297508,0.10049794516285561,0.053921193781788036,0.04776059659178173,-4.435190501301167,0.9814720625847472,8.370430915022618,0.024697833737424707
104_910934,1.0,0.9959704728359916,0.972310566105783,0.9633996016998109,0.8771038220872781,0.6612961459586789,0.2719835862201989,0.10578511336452186,0.05334983244367156,0.04692767135517528,-4.521919397266544,0.9796483323341556,8.695244830323636,0.026953489166827563
104_1330983,1.0,0.9956882864514937,0.9585455305088363,0.9753931324981235,0.8628842125755399,0.6865898164356844,0.2991738923343937,0.11166951339151802,0.05501814477700926,0.05098175114938358,-4.281034792201846,0.9766794056056683,8.463970994919535,0.023692781389327483
104_688027,1.0,0.9969329766776465,0.940542885361571,0.9586335440889814,0.8984815744836245,0.7082068739507584,0.369023381981346,0.1498638435408545,0.06537564962652477,0.05338800085899181,-3.845820501760226,0.9731349018595812,8.093568161673824,0.022867691405696586
104_905938,1.0,0.9961135488102384,0.9650872013306815,0.980658797385025,0.8692364879321399,0.6872438239209212,0.3044940202193022,0.1175515053700902,0.05866091670432901,0.0546030240586907,-4.259924329184285,0.9803452806959552,8.42022921538103,0.02753961923084537
104_910919,1.0,0.9963580652830331,0.9711273546189777,0.9722110979887081,0.8756177403139024,0.6679963457788195,0.269446112886251,0.09730680493077776,0.05154534274746873,0.04609428310488822,-4.623473679406677,0.980146128093431,8.91071176439793,0.025689316962609603
104_930082,1.0,0.9957059155340806,0.9665018207395706,0.9611310483081335,0.8572054853294162,0.6507955642002886,0.2575051777999277,0.09529917794875957,0.048522089956324295,0.04320856529818045,-4.461580257255793,0.9766266917110595,8.488556600412663,0.019513254017126055
104_907053,1.0,0.9958006741910127,0.9635560521795252,0.9775082197962259,0.8611118191184778,0.6828777102599095,0.29023220986478154,0.10595373857379126,0.053709362767897194,0.04993275856660013,-4.346653526574447,0.9781173609741544,8.528049664469913,0.02311736625152084
104_906763,1.0,0.9957795611095049,0.9773081537195574,0.9651571278901997,0.8710236856149057,0.6567463607090581,0.2621613993690784,0.10313171880943693,0.056194949440742804,0.050105343856568396,-4.591387253289395,0.9805801555018672,8.737189991059196,0.030102305658735083
104_909754,1.0,0.9956785639923774,0.9665710063523333,0.9639476343191301,0.8627249571403278,0.6513700335227298,0.2607534077952404,0.10042331646895297,0.04875011328934286,0.04299132077837001,-4.450638029138561,0.9778960108387841,8.483551720074175,0.02065798909060095
104_905964,1.0,0.9958264114814477,0.9687271619424104,0.966887555180944,0.8759533879568848,0.6542275071055444,0.27190740866923807,0.11057478271606884,0.05692512850429295,0.04925883245405507,-4.47674497519078,0.9802299283933567,8.558163676018886,0.02978448801075167
104_1330933,1.0,0.9956297262744713,0.9667702867397563,0.9641912388853503,0.8596126630145932,0.6503933783692696,0.25907009103079504,0.10062565832667549,0.049561146685369845,0.04400592212589934,-4.441306045511584,0.9778378346636951,8.447369948901459,0.021165866666414814
104_1330960,1.0,0.9957648319040652,0.9770075736838715,0.9621210657947783,0.8642951558799941,0.6473421426701411,0.2605688314125398,0.09677521461869938,0.0530762547442902,0.04786311340950634,-4.486887976898097,0.9802545038065459,8.49783244456205,0.024418800113143343
104_910710,1.0,0.9960597989149212,0.9759633691618173,0.9753156354433163,0.865165577667819,0.6639484519647564,0.27340553131458883,0.09564329367333253,0.04859004410947602,0.044570891522184124,-4.41151677921994,0.9821044487689014,8.498481280289086,0.018713282113075422
104_924239,1.0,0.9962161078746382,0.9724232604552773,0.9715140419890481,0.8846800561579501,0.6540182552745328,0.2741910693319719,0.10095366885504882,0.05324573393972639,0.04684733457306282,-4.541941517252298,0.9826067848838544,8.698979281841313,0.026736653884202946
104_905958,1.0,0.995706393699853,0.9749108680217509,0.9637287061217413,0.8518785623126529,0.6200423036014443,0.23462867155968348,0.09169219792657313,0.049842335491385344,0.045373158447440366,-4.524972008760004,0.9809225860314053,8.335422585413436,0.02224590762124652
104_688023,1.0,0.9957218911093529,0.9752082785214995,0.9601782712550397,0.8579194826927689,0.6411283253638415,0.24256802921433085,0.0937370037778464,0.052367825827200704,0.04592142239126381,-4.61420840771122,0.9786135598491488,8.642694040573584,0.02509714684574862
104_1295740,1.0,0.9961248993204158,0.968656101632166,0.9743065204570006,0.878814052584549,0.6766403929828702,0.29589999885391344,0.10444986951742774,0.053538832773842436,0.04839438400225012,-4.379316985680944,0.9807538189786362,8.592723605946555,0.023487555648173453
104_949168,1.0,0.9954720601340435,0.9660830215496797,0.9597546527250501,0.8565572814161634,0.645936072511152,0.253927217545815,0.10006046079788145,0.050426148350429995,0.04508304010084563,-4.463236883632451,0.9766040723947839,8.444458712707938,0.022374370685132927
201_906793,1.0,1.000090125208148,0.9299761068836125,0.7566735982681391,0.50751110240219,0.40271345724519064,0.28747999936315427,0.16499520323059255,0.08140102550109678,0.07037812190773006,-2.0082195334589765,1.0130191173884855,2.8416284686427886,-0.06411177992648263
201_907071,1.0,0.9998887263381766,0.910947050106643,0.7766154728438454,0.5771434517349173,0.45967883111048047,0.31902323810401634,0.18408750517366315,0.09635393877084493,0.08052385954916502,-1.4843979578197424,1.0072921857652648,2.5936666877799084,-0.15310746745624115
201_1298218,1.0,1.0027257858801615,0.9072146965021651,0.7533883183616276,0.5491962048841393,0.4430216451042364,0.30677216472223834,0.1703349725118051,0.08626495024376361,0.07500478429075384,-1.520180670005291,1.0114252315874575,2.5211742054937383,-0.15328348303236053
201_1295741,1.0,1.0034021288872652,0.9477492815372232,0.8104556341492826,0.5757460584292168,0.4640997656707762,0.3080314582437083,0.1715153320566062,0.08416414370660286,0.07456142448424309,-1.8293637330965893,1.00978005749071,2.9860646594067197,-0.0964930013921162
201_1240160,1.0,1.0004773429726954,0.8993977258368465,0.765452185374529,0.5652130133130383,0.4546384986249978,0.32092248960424313,0.18866381443339075,0.09324843990619396,0.07920044366906835,-1.3690513635207806,1.0092293881162884,2.4483374158923774,-0.18143201259516994
201_909704,1.0,1.0010179256357328,0.9324122013156408,0.7724894339858421,0.5347307474426736,0.44592282397201516,0.31403211189174124,0.19991019929014442,0.09786014418384996,0.08576935226599992,-1.715595853569431,1.0138393289598797,2.6763160901477563,-0.09222241535991907
201_910947,1.0,1.0034254040251491,0.928368526356075,0.8027762660864998,0.6035477587579511,0.46678734468902494,0.3244547058876431,0.17823860582256434,0.08819579036748249,0.07928496896121502,-1.6273409939247205,1.0059154832844814,2.8425021503489925,-0.1300474636282144
201_907041,1.0,0.9989172812033503,0.921459564831045,0.7614253684882062,0.5544769773080591,0.4495856491519162,0.3262374974749535,0.17847696311343353,0.09236798298176997,0.08157091242568727,-1.516468597809525,1.0112917730170081,2.5512026607634293,-0.14477667064074223
201_1298222,1.0,1.002458817623495,0.9089660967511809,0.7727431397383744,0.5835890980699042,0.46824386371737753,0.3025350698065726,0.1663474354296464,0.08697257954237385,0.07766703722566026,-1.5212591818145518,1.0057978846337166,2.6499302711956103,-0.15685287832108244
201_908126,1.0,1.0016121139989436,0.9203230978264098,0.7799810816707243,0.5757240573825188,0.45314312292813524,0.31429472728035873,0.1643369029037484,0.087750170039458,0.07835480246281352,-1.6309040454553019,1.0073178391541304,2.731470144171652,-0.1305411872798235
201_910401,1.0,1.0057772160481804,0.9204478984165694,0.7801907947170558,0.5632693394249547,0.4309764454243541,0.29395887585644825,0.14934143431013389,0.08424397218674899,0.07816822747662783,-1.8826644460632223,1.0077309282337639,2.9010461462251858,-0.08855663505856441
201_905938,1.0,1.0077251199234303,0.9564372912668814,0.8249453259577456,0.6074656441209717,0.45327314728513274,0.31655614489894485,0.15648817977205828,0.08650368542661213,0.0798490832999888,-2.019164538852594,1.0087723679924299,3.24474436767269,-0.067286213597862
201_1330984,1.0,1.0010511051182922,0.929971041100394,0.8076028832731256,0.5917887758322967,0.46098714523540013,0.31763785345608647,0.16566892327149432,0.08654456444021462,0.07993162229088033,-1.7614893481342822,1.0045795297942048,2.9472236009912054,-0.10613829569404205
201_1240145,1.0,1.0067998778798473,0.9073983616882085,0.7549693977977426,0.5618318753885841,0.46303896183646387,0.3219296194326655,0.17452665900268163,0.0896720327172339,0.07786480232789385,-1.350831237306861,1.0132410023249807,2.4260717229784587,-0.1926911956128027
201_1331036,1.0,0.9981283098189143,0.9403668807811371,0.8030392112367585,0.5734723952593116,0.46086421587367,0.3134738475897438,0.17055500413222824,0.08401565465538068,0.0741058828581217,-1.7528977087147848,1.0073832940905338,2.902927324712319,-0.1097051407770622
201_907044,1.0,1.0017965808252718,0.9164920751577185,0.7773782145049878,0.5659280774739992,0.4561463974710485,0.3169555185863537,0.17165722407668263,0.08672456253829632,0.07564418582423456,-1.5374332330352702,1.0089388079842203,2.631346561064474,-0.1503735001849043
201_909252,1.0,1.0053936745004568,0.9369904171069434,0.7959633029468408,0.5848454154555248,0.45191017177156034,0.32133370321763827,0.17276224950519145,0.08904427822604592,0.08011918294635646,-1.7364167353346867,1.0097757164130103,2.866388774226825,-0.10676246896318516
201_753538,1.0,1.0029395530874794,0.9112118751585968,0.7191794686954355,0.5086698670408364,0.3850769637836453,0.26950457304337344,0.14560393403556848,0.08446393958840655,0.07465563618723356,-2.0256390836201046,1.0129702914420002,2.7581254082463635,-0.06323284182417442
201_909696,1.0,1.0021794639051473,0.903000866588192,0.7556006631705164,0.5521311096750267,0.44242754393566197,0.3123744396396139,0.16728735605409314,0.09133795522860473,0.08167358305837229,-1.5366741059823998,1.0101170712911312,2.5326798563387958,-0.14378917035270805
201_1330981,1.0,1.0012502570906892,0.9178045274035226,0.773003722356861,0.5686787792127935,0.45265053263850835,0.316445194488248,0.1759742321509622,0.08670821265495456,0.0749217827422519,-1.5257947051175909,1.00928934181375,2.6150803706768304,-0.1523439753833378
201_906871,1.0,1.0007335041658456,0.9018414450601945,0.7533551325495158,0.5578496341204667,0.44825219563592267,0.3092243799624279,0.17793773040550995,0.08148407281087809,0.07364822368351169,-1.4069250434591154,1.0101968848104517,2.4542558633612743,-0.18261288081991292
201_753554,1.0,0.999054196979379,0.9119993874969605,0.7578352793348532,0.536607864378508,0.43988011995169946,0.3051801494980268,0.17956935028521162,0.09239466316582469,0.08039149630695164,-1.6278059746327218,1.0107988540541437,2.582779923216693,-0.12028791711207205
201_924102,1.0,0.9993387039568224,0.9079457310944025,0.7404737306729406,0.5175635832744376,0.42745699291145317,0.3001691445272649,0.1723930567183479,0.08826738102367726,0.07519607943689517,-1.6404659548212102,1.0130400667387884,2.5239868970040518,-0.12195242494784803
235_906793,1.0,1.0006688579233056,0.9612702426745016,0.9068131271748654,0.7645237194100529,0.5422217031311699,0.26938070352024857,0.11318716127335005,0.03369821392845323,0.027295292786011238,-2.8872804146401387,0.983943493204857,5.234185601118682,-0.04980134210400736
235_907320,1.0,1.0006492380866714,0.9643748909732768,0.9105304579586359,0.7682178429538536,0.5447065145973174,0.27664982643038766,0.11055078006055287,0.033927731120190964,0.02832593165839961,-2.8912457824914335,0.9849254446417932,5.266540159127773,-0.049539802423646626
235_924111,1.0,1.0017092674994086,0.9634074228034707,0.9072241045225785,0.761227438639381,0.5438756443749059,0.2722305520515405,0.11345195751125471,0.034861179071300624,0.02820158131900158,-2.843934436144075,0.985334549974756,5.163500462375292,-0.05210609865974904
235_907050,1.0,1.0007379936363956,0.9627253870327506,0.9073771779995661,0.7658104645456819,0.5444407290553496,0.2728822828093038,0.11403404946540184,0.03443913185445788,0.02816517624663414,-2.8727740789695675,0.9843836951103889,5.225186127246592,-0.05006205422570418
235_910853,1.0,1.0003238801947092,0.9615973069830043,0.9073767401649363,0.7641499278616483,0.5441759065691579,0.2703605082778057,0.11278822872661003,0.034267741171032574,0.027805797579578073,-2.884489444801953,0.9838863845518396,5.236174487762598,-0.04971166134490439
235_908135,1.0,0.999961518091356,0.9614388591275751,0.9063991949959097,0.7611326388103207,0.5360658016103506,0.26923986681627315,0.11043596697932168,0.03200483215316486,0.025976767100948556,-2.8718348280856425,0.9843595371190275,5.186310325231723,-0.05237094199584287
235_949090,1.0,1.000344960553602,0.9622327476344443,0.908072864532624,0.7637886214366455,0.5482559132571387,0.27632620463181135,0.11884406468460618,0.035821061404218174,0.029046190517155127,-2.820506364199233,0.9845899703459902,5.158005987363678,-0.05210328108404038
235_907275,1.0,0.9999495479203544,0.9622978361961194,0.9067102114450237,0.7604623423432182,0.5345769126378049,0.26929900262674605,0.10865154860423958,0.03256297686809165,0.02699285961326578,-2.8840219958588,0.9846447648256527,5.194000041192371,-0.051018946763914656
235_1503363,1.0,1.0004997614011621,0.9620537224544726,0.907508177880418,0.7696035138847096,0.5504112058390741,0.27631862627174636,0.11655913220037543,0.034355357380659014,0.02795550530160734,-2.860154490760187,0.9836697456627513,5.2455606380970465,-0.05098184490160006
235_909709,1.0,1.0012360946139065,0.9621307607082761,0.9062007154596047,0.7643730622785361,0.5489365189508255,0.27376895678393126,0.11571582379568661,0.03497305376870425,0.028353008998378212,-2.840072643597295,0.9842102931069597,5.188406774475664,-0.05214319881778426
235_909716,1.0,1.0004761795095165,0.962618448210482,0.9065389291013374,0.7642598658621756,0.5490685495363634,0.2749727757607997,0.11753138678852774,0.036316552730204434,0.02962410514369716,-2.835355691360568,0.9842649800476148,5.179429119066534,-0.0508860039786659
235_1298222,1.0,1.0008865110456726,0.962947765444223,0.9072042669850853,0.7643459031631764,0.5451103768332295,0.2761598347601823,0.11470783720986999,0.03527900330849945,0.02907048987155375,-2.840499237156216,0.9847606986861923,5.177502429288539,-0.051500523881195595
235_906824,1.0,1.0010432706253256,0.9620948625353117,0.9079604002462446,0.7657881893929878,0.5464824158193614,0.2718416394776186,0.11511931904938759,0.03423163032089593,0.027706224644057278,-2.8725321084794984,0.9842640493699314,5.231615234372435,-0.050320353352516944
235_910930,1.0,1.0003557400012821,0.9605730088214165,0.9113735057007473,0.7699766909421841,0.5458295563027934,0.271548079924774,0.11356164038396915,0.031902835090070275,0.025992213406568015,-2.9178297507766615,0.9835994592175614,5.318629942099728,-0.04908330298847367
235_1240196,1.0,1.0018768166693408,0.9634897710302672,0.9089565263688257,0.7654947283745847,0.5515701058560386,0.2737963645583272,0.11314215073360316,0.03443895971493305,0.027706549139723726,-2.861646737315732,0.9847025354648645,5.233395396572815,-0.05183472797330003
235_1331038,1.0,1.000226848587929,0.9622859051321774,0.9106006376579882,0.7662536744416927,0.5395225448569959,0.2700541947050547,0.11067378112457947,0.03156236280989055,0.02556985405065439,-2.9119293008356837,0.9845306205600264,5.274077440037203,-0.050043857761306515
235_909742,1.0,1.000351434898205,0.9619301876196031,0.9066198720138076,0.7656719308704089,0.5447477354197959,0.2713482366682142,0.11420256982851922,0.034157669140056336,0.027686160495187195,-2.8769214114275328,0.9838682186927212,5.232308119776177,-0.0501166247479158
235_1298167,1.0,1.000329744489962,0.9624069305694322,0.9076914209077841,0.763154994108528,0.5436737789459297,0.273415156799881,0.11157490195126478,0.034728792056411294,0.028832627504577952,-2.8689018513283746,0.9843341049583137,5.210279709558717,-0.050307441761150574
235_1298531,1.0,1.001310599964122,0.9619737496744619,0.9061732166279284,0.7637029771451599,0.5481183775470417,0.27205608368518924,0.11415307697966322,0.03481129962818711,0.028036021579108703,-2.852754474928746,0.984128256840152,5.200861559922707,-0.0517233002880639
235_1297446,1.0,1.0000950513156355,0.9609536669487874,0.9106805172178648,0.7712267899408786,0.5489302094106511,0.27049258900570716,0.11361022153693782,0.03238035546070308,0.026053712331443612,-2.9305930992899314,0.9831288764344002,5.349798126470002,-0.04821926757219025
235_1330950,1.0,0.99994511931699,0.9625061069274731,0.9091955169477153,0.7677141017649624,0.5411128348217575,0.2690820472388827,0.1115433401824294,0.03211537419367786,0.026320518166513374,-2.9241610731688525,0.9840345072626192,5.297948217027427,-0.04855609277624536
235_906817,1.0,1.0007035895917207,0.9633445411025848,0.907973354984892,0.764088081390558,0.5429212159471014,0.2750710439615442,0.11297686263791677,0.03465472399103612,0.028886732257523834,-2.857826374174989,0.9849187761477376,5.194407898478712,-0.05076613509948283
235_924239,1.0,1.0002043880718043,0.9612774591826351,0.9086311291413844,0.7644751260334391,0.536875498607651,0.2687211802982383,0.1091999857331039,0.03237258801274547,0.02690413380790359,-2.9202045170256157,0.9841001484056342,5.267515497842924,-0.04861190491429344
235_906872,1.0,1.0004925065729209,0.9606229787217532,0.9082307366845909,0.768159602471115,0.5466933554093735,0.27206256924309696,0.11521140070179316,0.03288648487265033,0.02663721551364781,-2.883717614997407,0.9834918590305229,5.2628943187829496,-0.050551839761894465
235_908444,1.0,1.000903748671014,0.9631619562208608,0.9091572142181704,0.7684509971796715,0.5436957350023525,0.2784276114914375,0.10902927039956578,0.03300620731949847,0.027342750240028257,-2.8751515992390075,0.9845794745815704,5.247294496921317,-0.05181538875154482
235_1295740,1.0,1.000065208559886,0.9612295983139082,0.9090139573146842,0.7656691156720727,0.5373390765921039,0.2700804100965429,0.10974681502165053,0.031695250880566406,0.025956065237370318,-2.9112438025139524,0.9840995559250275,5.2644482255296525,-0.04988383946664035
346_906793,1.0,0.9968579797941519,0.9255716710539351,0.7128168964888285,0.4720004091200552,0.22937859249243875,0.13737944386091142,0.10489693262370266,0.08206263441247097,0.07014716620377114,-3.812727887141871,0.9957774061112717,4.304758650943483,0.04315558857410085
346_949177,1.0,0.9964464826381875,0.9234797627248005,0.7033821040776465,0.46279404362123455,0.22358669013335067,0.13433659806593176,0.10300213962989246,0.08161500135148271,0.0695579845437556,-3.8309128465809983,0.9961799322120002,4.2772200413041555,0.04291633837580339
346_1240149,1.0,0.9966121497498218,0.9268992069372534,0.7078366124696887,0.46761477660127343,0.23269149525217955,0.13562057841682607,0.1022977571739277,0.08233692245400649,0.07027281148060517,-3.788784142395304,0.9967688601777696,4.262034769261819,0.04205023931909309
346_687455,1.0,0.9967665808006867,0.9254247898191466,0.7094156213630027,0.46944325731637426,0.23141160240404057,0.13672647538554922,0.10357259724449665,0.08237273068194248,0.07010838042888438,-3.7879242156972093,0.9963163299732484,4.267005973263796,0.04225190054524368
346_924104,1.0,0.9961166475127387,0.9246999762040519,0.7090017979964732,0.4685673424602726,0.22999726377526178,0.13847246136376132,0.10518711426735822,0.0824334031695614,0.07015205980701815,-3.7917782818934587,0.9960182085380255,4.266016722875839,0.04310492516516805
346_906693,1.0,0.9961032970104728,0.9218154932642043,0.7016569038334667,0.45456135258764396,0.22113436469740932,0.1348770090293467,0.10351150757868958,0.08136813599311808,0.06955707431152364,-3.8670337678885534,0.9960980408713119,4.289414891334334,0.044612673363956086
346_1298134,1.0,0.995955275679223,0.9259368878445411,0.7127757112850933,0.4732873927902901,0.24022424533574638,0.13888125937022502,0.10131529768268253,0.08195408652320628,0.06936751289431144,-3.7166758588004667,0.9962356161759404,4.221013485661218,0.039184805336774736
346_1331033,1.0,0.9957909610681642,0.9201032070617522,0.6971869745559784,0.44986643346557886,0.22012568996322193,0.13752209607677432,0.10567040819456419,0.08127645400469685,0.06975238563033981,-3.852902819959134,0.996494870821152,4.250183023587017,0.04545631110640684
346_910930,1.0,0.996324281008695,0.9220723273638107,0.7027525278053114,0.4616032749003858,0.2226524628547455,0.13264926568557353,0.10147506057799216,0.08171310159388194,0.0700541686296291,-3.8411351507868536,0.995773620804538,4.283640438330977,0.04280948630962567
346_905959,1.0,0.9957332636357888,0.9239256649428262,0.7076432401687457,0.46754246222230494,0.23176280016474718,0.13855281410700115,0.1054387574526956,0.08388718036700084,0.07154419671568361,-3.784256185162723,0.9959371609973853,4.251384704464891,0.04399290060089084
346_909729,1.0,0.9962360167015087,0.9225756806931394,0.7064648435598501,0.46589224412738073,0.23039363714150304,0.13808245445269918,0.10509463132537733,0.083116625062286,0.07083988082867458,-3.78053507747112,0.9960660199522374,4.240603745890715,0.04325753844884591
346_1240145,1.0,0.9966203799226618,0.925520303273731,0.7095519483037376,0.4649708245693609,0.23205638280046723,0.1396116470261346,0.10675157253230416,0.08335363525434636,0.07138884786930193,-3.8063136884331397,0.9965979070555678,4.2716612934502205,0.04516753758271243
346_906818,1.0,0.9965662226485468,0.9229847358145186,0.7126404271486293,0.4717884688785327,0.22965599801637868,0.13714855014920702,0.10483596940249197,0.08305555301137593,0.07099803105192348,-3.8072385263255955,0.9951372858370877,4.2969184780534375,0.04349315414367029
346_688011,1.0,0.9949141219310311,0.9100139191954919,0.6928010516140998,0.4457350032297647,0.21446123703893802,0.13276045017189356,0.10049382031254472,0.08024976617259522,0.0683116382973668,-3.834752945749387,0.9944870571478213,4.21375244108413,0.0418598223373568
346_907313,1.0,0.996755868427234,0.9253536987192105,0.7101592295010212,0.4694756796931819,0.23164883574048398,0.13673016493919143,0.10381278332908304,0.0820898100866877,0.07010501152416536,-3.789621337656437,0.9962322047200272,4.270996274215285,0.042273610357102705
346_1240121,1.0,0.9950789300077857,0.9206149835118707,0.7016644375134865,0.442643303222029,0.2234479567641233,0.13788900497785464,0.10267854755863214,0.07957014327102717,0.06831515633989521,-3.8796778777601055,0.9962327516465,4.281094774068532,0.045115920644576604
346_908452,1.0,0.9965555810864571,0.9259338087167355,0.7120951446230608,0.47493618668046045,0.22335491204623106,0.13485245185885025,0.10315352340116335,0.0805729090395064,0.06868330439864244,-3.8388590457616423,0.9951846213440837,4.337396360519529,0.04184694115310853
346_910926,1.0,0.9967671655703428,0.9239076469552033,0.7050216753707104,0.4601381188369702,0.2264411609486439,0.13511806993164688,0.10171984392369532,0.08076096122534653,0.06889230880456976,-3.823316352777227,0.9965731014507461,4.2713402303463255,0.0422237241142378
346_907290,1.0,0.9966452163683727,0.9262037142698469,0.7112996068202833,0.47169009652113286,0.23461489745469036,0.1367822902608241,0.10329469896150278,0.08289143954627513,0.07070611868095736,-3.775943694165383,0.9962509248272637,4.266460465394348,0.042111649757394516
272_910948,1.0,0.9858331697573623,0.9566115826699632,0.8918553401647502,0.7382701905246482,0.47785130816710614,0.27951589630124657,0.10960140797381827,0.060483831719744474,0.04245532065483008,-2.8958351536616047,0.9819877979165611,4.928918745802394,-0.02614303831099392
272_908457,1.0,0.9932233129292439,0.9555390093554791,0.8837718735503141,0.7310394851156494,0.5012343595485662,0.29812769112289633,0.14146356541257246,0.06261053162030217,0.04293744489823323,-2.4698673080687676,0.9867730427304401,4.394708652130927,-0.05545344227073107
272_905945,1.0,0.9808873128442793,0.9579008091559719,0.8809640507750386,0.7062558966994001,0.4226143101303966,0.2484061432420993,0.09433210444925533,0.041272879052271325,0.027451233101258316,-3.0136856550233992,0.9831155178010977,4.850747968171576,-0.032963731635389903
272_1480362,1.0,0.9865491913399431,0.9549651400062186,0.8844014637623995,0.7508533221819867,0.46503649078880255,0.2578175436720091,0.1091175897022608,0.056730629780239815,0.03759755214141295,-3.103720032451453,0.979071363982409,5.200358750724133,-0.016885695390350227
272_910549,1.0,0.990220044750072,0.9656366640560261,0.8937492225355509,0.7516499709613428,0.4811160941256711,0.30949085488414796,0.14950419840629023,0.06101749494404842,0.04130149804281306,-2.5790771972926887,0.9891250535795406,4.557526410587016,-0.04327381091200414
272_909718,1.0,0.9919372516775099,0.9495835917239335,0.8944361118430667,0.7344344168009332,0.4789073997358548,0.30222145686162727,0.13005425690269046,0.06204490570498002,0.04138515306068254,-2.622343587389519,0.9854574714329983,4.570263695602551,-0.04253032753830529
272_907287,1.0,0.9923991347180539,0.9484568064132276,0.8853849438051737,0.7639213182827532,0.5239694087225758,0.30230098191345506,0.13498756725935526,0.05953986796220221,0.03888179545552115,-2.6069365932656727,0.9793947478730082,4.777306118866193,-0.04941941531905763
272_1240178,1.0,0.9850326658164245,0.9355375866972403,0.8568165135477805,0.7564634221500439,0.5262641886973554,0.34022737184514823,0.11790443450762633,0.057760848424688614,0.04000326671195336,-2.2491882445187534,0.9725706684105176,4.34249020654371,-0.08992691855855132
272_910947,1.0,0.9876387022932409,0.9599835792538638,0.8677518828334604,0.7039649812658446,0.44175110953468405,0.27335713635351483,0.11028238439897291,0.05061978501648707,0.03374179373626842,-2.65752540323621,0.987549212156865,4.401320837077984,-0.050069440165609894
272_910695,1.0,0.987645368666373,0.9567458143597842,0.8763512392767522,0.7250725261238529,0.4789652754052163,0.2733861177904786,0.12722339031495575,0.050401267924674496,0.03445615287942941,-2.6267574719302975,0.9842782600557087,4.527729200325432,-0.05189750326128754
272_910921,1.0,0.9901964829974501,0.9430636674844063,0.8608448805805821,0.7196971090956161,0.48926119855043937,0.32531618750890434,0.12013045684091472,0.05415778581541333,0.03520645341843345,-2.158522163512899,0.9839365800744441,3.9893228755970775,-0.10207675254244324
272_1240122,1.0,0.9805311924031045,0.9463843323168956,0.8548733630630071,0.720216492400291,0.46285254988343666,0.24527743052343234,0.09278410450306947,0.04273327983108924,0.02595565017606544,-2.800661049196735,0.9750413333827965,4.71255319659478,-0.05243384022298181
272_1298351,1.0,0.986777530884806,0.9622937631728389,0.8757362683868485,0.714145220540253,0.4594977611684164,0.2887896080186905,0.13647002222741847,0.051503033294416044,0.03574911995570271,-2.5076666996572565,0.9889569458468346,4.293878462275256,-0.05759269259012557
272_749713,1.0,0.9875064700885537,0.948628656212653,0.8714602210069997,0.6994297694644397,0.4288624102814859,0.22248018329301314,0.12184078660588953,0.060525675266314534,0.04412660673180396,-3.132772633210364,0.9814233176551418,4.907854206187401,-0.006181120053019021
272_909700,1.0,0.985992417018488,0.9493440854489611,0.8638422273262781,0.7097201139138382,0.44376373251998213,0.2495711755447784,0.11299750544137127,0.04648852089693328,0.030077093792562782,-2.7763039745512734,0.9817791868597001,4.573708162983651,-0.04444270070058142
272_906805,1.0,0.9869269583821527,0.9551233479078031,0.8822261940245614,0.7478474694281726,0.45624777199740096,0.23580916319993514,0.12434205921992336,0.0623148954859665,0.04126676749570506,-3.2651688996176236,0.9786656748183042,5.340687500545027,-0.0008544973031900274
272_906824,1.0,0.986315350760499,0.9562273314849369,0.8818816905943198,0.7344659050388156,0.48066014713352406,0.2678323465928001,0.11632148462094309,0.05574644654336902,0.03722243214488686,-2.821881336953688,0.9815523850953527,4.816394403943714,-0.03524132458665814
272_910930,1.0,0.9848027605446986,0.938848823075889,0.8583755306644458,0.7071419782629996,0.45702218087833596,0.2596581044319819,0.09629441095500146,0.055861288364287415,0.03751458787495613,-2.7337697031488197,0.977220793258624,4.547722394044054,-0.04463591017844046
272_909773,1.0,0.9851108753620439,0.9475163549718074,0.8643803894670538,0.721646185114828,0.47685386132660423,0.26590244588900286,0.1129782733926162,0.055014102769713545,0.036858411370574856,-2.6781192006116292,0.9789973240232595,4.571327857043668,-0.04762035102733224
272_908143,1.0,0.9855027108927524,0.9672563138638499,0.8791736520445946,0.7236523704574759,0.45252702269233525,0.25926905181764565,0.12139728551714067,0.048905161547960596,0.03233756109405896,-2.8388863125460087,0.9865845916998005,4.716499028786159,-0.03605221812367542
272_1297446,1.0,0.9820419474365663,0.9378280429994188,0.8462209979158034,0.6925159284416562,0.4468656650009793,0.250218057556394,0.09747277152580247,0.05415783557309181,0.037521109752213254,-2.6783002740981097,0.9773079199975322,4.388875880073784,-0.049022047756969715
272_1240161,1.0,0.9815802637529322,0.9438487334341995,0.8578792631820402,0.7253998376579313,0.47312909375984197,0.2574580981735389,0.10542801073409545,0.04445462977021484,0.028117146317739983,-2.6980387245260125,0.9753708588145714,4.625202307579331,-0.05635674962940522
272_722058,1.0,0.9897181951109207,0.9428260565430429,0.8663503524271271,0.7304424412183815,0.48675806073818756,0.2903310160268482,0.12236845639865747,0.055412714410789245,0.038007858463905246,-2.497904729326512,0.980227421532994,4.407772719510205,-0.061470559522672955
272_688011,1.0,0.9847504953334084,0.9452349551061983,0.8817281280452657,0.7358913311229646,0.46063211551547667,0.2800598980523151,0.12575269370221365,0.04873216216398837,0.030997332327634113,-2.7164170754769805,0.980301058187462,4.66355331074276,-0.04535616536660574
272_1503370,1.0,0.986999322497692,0.9560949188284743,0.8949171901558405,0.7554036036073125,0.49580116620340836,0.26662642332443626,0.10362202420146438,0.05529498748655498,0.036659616422497175,-3.0455636545499796,0.9789961984006346,5.253750976272341,-0.024469138347839405
272_1331034,1.0,0.9871848137873509,0.9332633318685813,0.8434597322543614,0.6663413000398882,0.39288441456793893,0.20888370568159806,0.09008158159731487,0.047108686628142216,0.031136399552433025,-3.0153611234995235,0.9790228546692284,4.589099230464214,-0.03013684272674176
272_908465,1.0,0.9877082257051316,0.9607816670482805,0.8921999493197609,0.7727015908128633,0.529604475956534,0.2989871347339118,0.12090192546453005,0.05213502151921522,0.03303551672323982,-2.742406557248581,0.979763532253629,5.029650700686087,-0.04745017529041402
272_1298226,1.0,0.9830751233867546,0.9445703687675665,0.8731411302367033,0.7537655709808035,0.5153679121705628,0.27179801970942047,0.11625996493730247,0.04456817274070137,0.02752439149968688,-2.728426947269315,0.9728829922724243,4.907416879218876,-0.05459911045951279
272_924105,1.0,0.9888972683038517,0.9578947134832353,0.8844008210864587,0.7584383342084671,0.4989851092655642,0.2889216577699122,0.10437950863953764,0.049451823580175025,0.030601476934728162,-2.7778292146920682,0.9804559805764885,4.932158761173243,-0.0483756096872567
272_906868,1.0,0.9848928130203265,0.9476291342867008,0.874825593984621,0.7651502335975858,0.5241518631145642,0.2847407160468989,0.09790713980194903,0.04516209575956476,0.022991018343557986,-2.7653096762299136,0.9723244681165042,5.0515443870798675,-0.05829859658399085
272_909747,1.0,0.9925400645062128,0.9613384215453435,0.9057145207581123,0.7833778009433647,0.5609011336276211,0.32132550136790566,0.1468587644337834,0.06334433572045897,0.04286534433134315,-2.634147680978446,0.9822924512796041,5.00534000192664,-0.04358057992669186
272_1524419,1.0,0.9780790980787432,0.9617693894952488,0.8961436908964209,0.7923876481449744,0.5113137940361987,0.27267311731168004,0.11516866873032434,0.05406370429040858,0.030433270697830653,-3.182994969336239,0.9748752399213645,5.645763333896351,-0.018263116751090498
272_908475,1.0,0.987981007436422,0.9523553662004799,0.882869350574774,0.7496355620744334,0.4909181838433172,0.2703438762750214,0.10762915045768869,0.053514882984159094,0.0349422075331836,-2.892718826286504,0.9785666597594797,5.009333028911623,-0.034979138746949
272_1240140,1.0,0.9888885855045934,0.9508379756901109,0.8676276917143827,0.7293032658872435,0.49263369665224827,0.26377815032074237,0.11734056388089091,0.05072198813147438,0.03422337081979126,-2.662341227598758,0.9801142318911228,4.617949553700695,-0.05253729987383772
272_924244,1.0,0.9907391691778459,0.955967944725774,0.8928434980446923,0.786810023979675,0.5612432646266283,0.3207640981861087,0.13796605336088716,0.06534895577526767,0.04605203589595158,-2.6854109783022686,0.9773436863139177,5.091652172844456,-0.03857862617559954
272_946373,1.0,0.9873065232418538,0.9491180079477427,0.8749750502626976,0.7441902490325369,0.49524883923273566,0.28534184978206983,0.10762322046972146,0.0521211074115411,0.03173056210820326,-2.6721218615699054,0.9783794087775313,4.727107948196885,-0.05423970494594964
272_909770,1.0,0.986511450913485,0.9761454749993438,0.8998985657366573,0.7630884846126958,0.4919124528975723,0.27273180425966653,0.11367479716708147,0.06520291384475409,0.045780823588552066,-3.1132941377149552,0.9851507944556366,5.311291119795925,-0.00953546763524131
328_906793,1.0,0.997184570790019,0.8858198093081491,0.6090633644425617,0.33503287837654266,0.17547901344897887,0.10493393107012479,0.09994296151607358,0.09336654779834092,0.09147879575060847,-4.583035264451496,0.9973265082268358,4.453515130965047,0.07068594093395787
328_684072,1.0,0.9970585237942166,0.8780484454308436,0.5696772823206954,0.3057967748304404,0.17481057889779797,0.10637557645261612,0.09744893490488322,0.09167857033946931,0.09122029449934853,-4.685278467508256,1.000504460729397,4.390338628637536,0.07384518586042244
328_1240150,1.0,0.9942998199327185,0.8936910194133083,0.603617180101413,0.3305501389490635,0.20148115702798608,0.11644673280327685,0.10623357577844016,0.10206170641563728,0.10198453058658308,-4.596451312980262,0.9988529131435924,4.4336167165400475,0.08294123161277019
328_908136,1.0,0.9965526021277104,0.8708779259397698,0.5462385996621083,0.28351153903680876,0.15374046810825062,0.10274945615011155,0.093843431358705,0.08763140103485856,0.08832373724974467,-4.9185968097298,0.9999911933062251,4.5086836153927905,0.07322603661744022
328_909249,1.0,0.9956359968433753,0.8781436056357329,0.5703958064907785,0.29140067040319234,0.15773443512996416,0.1039892531397083,0.10058864708965826,0.09498913339225458,0.09467194628322236,-4.999313403642146,0.99727993312936,4.6549485893376685,0.07914972686571443
328_1299080,1.0,0.9958643029602738,0.8882961572643596,0.6275357913031738,0.35329650648313793,0.181339030049655,0.10623708161148038,0.10012396235398889,0.09245830573458647,0.09100401224655029,-4.467426056648396,0.9955294634308597,4.431601135337341,0.06768698422643962
328_949153,1.0,0.9952777647056242,0.8884965666931182,0.6083145307608776,0.318224288152068,0.17103740716846652,0.10973889303523708,0.10364113067786777,0.09502658638722432,0.09379484766354751,-4.82547317810902,0.9956964432579458,4.649625266616311,0.0777935691012673
328_909905,1.0,0.9949923698629206,0.8859239552748298,0.5836124462407662,0.31787346486203794,0.18741134123755987,0.10711014627902336,0.0972915715319697,0.09352446313386532,0.09352404920313724,-4.604164309993897,0.9997941337503942,4.379362107182551,0.0742057606811964
328_1240128,1.0,0.9967142468621238,0.8709314491974451,0.5776007861809295,0.30484248011380494,0.1689610607373809,0.10585043835262746,0.10061984028167333,0.09332332973528812,0.09213805457632616,-4.6957300509576285,0.9982826060205399,4.410185852530473,0.07417012555236317
328_687562,1.0,0.9954013308700373,0.8794560969528257,0.5670286289866673,0.3057932849315234,0.1633278025056106,0.10558825982680482,0.09387416142777695,0.08649399065528458,0.08622530168652442,-4.713680611007643,0.9997236305212583,4.421213983388831,0.06961270188486646
328_910919,1.0,0.9960768463888382,0.8886889744309371,0.574414552949566,0.2936260698990751,0.1599022984924029,0.10220873959060828,0.09167754471894714,0.08875333617835318,0.08924006854178089,-4.991711933676744,0.9986499632270694,4.686491449643813,0.07394100219642777
328_1331032,1.0,0.9967588793210398,0.8808510575752883,0.5923050681961046,0.3101322925039788,0.1753623405890444,0.10970666521955763,0.10360219999526803,0.09817091748276834,0.09729082348763662,-4.784014833910643,0.9975151844625242,4.53944449579103,0.07993189215627158
328_906800,1.0,0.9959572295951146,0.8788041830905072,0.5706142889800305,0.314840942029448,0.17362519311954605,0.10584908281573124,0.09602076984651468,0.09119641811995643,0.09110086772728909,-4.611292965878637,1.0002892220518829,4.341356626919644,0.0716415135219885
328_907053,1.0,0.9948445602421551,0.8721430818596566,0.5636661578010094,0.2947087780410713,0.15835096504361953,0.10177156233016145,0.0936817401112222,0.08946557468400161,0.08873254560915787,-4.814038201753406,0.9980819598540583,4.479692818021256,0.07154810187038568
328_906763,1.0,0.9963766954520293,0.8837786434733669,0.5984524251463849,0.3184651552245344,0.179956462852614,0.1106190281646219,0.10165394527154188,0.0967234078576591,0.09547023282359424,-4.6904526292548105,0.9977354547961129,4.4891969899786694,0.07731491009887105
328_1331039,1.0,0.994016737573118,0.8830986489523237,0.5693504145221314,0.31488283202453066,0.17643569976545512,0.10607292355034272,0.09322948881941212,0.09056977830152683,0.0906590898067305,-4.6229840540133145,1.0001054082733876,4.357684178843246,0.07142999301587635
328_906833,1.0,0.995646876087079,0.8750806489745079,0.607652825728783,0.3444738142145771,0.19859259665433207,0.12111292393443085,0.11177037804051955,0.10012329898325656,0.09907432401753152,-4.3047545525073065,0.9981440576572999,4.176022935726406,0.07642409544024456
328_1330950,1.0,0.9947216233780335,0.8845782906053371,0.5767687640032824,0.29333171490130855,0.1712630433638386,0.10410229969423528,0.0983640608061102,0.09556704253759359,0.0958620371301679,-4.9718175559461955,0.9976219914472237,4.658404038247926,0.08010494786203501
328_908125,1.0,0.9975371960350395,0.8871607843921163,0.6222680627262653,0.3426971592072188,0.1795066625230124,0.10778422472623543,0.10657249861835305,0.09267389677591402,0.0912303736007104,-4.547520301398794,0.996508837031068,4.466528297911198,0.07151903765937953
328_1240168,1.0,0.9952165430051778,0.8935579259669587,0.6165833380893083,0.34996032217760065,0.18649150515945026,0.11443131000172573,0.10304850771856171,0.09534714925022171,0.09422902767946595,-4.481384473665876,0.9977011823807066,4.403344130686729,0.07304654812170766
328_722066,1.0,0.9959565260996127,0.8864562296982338,0.6095764845048439,0.3474575098387836,0.19303544949516618,0.11909868197096408,0.10642456031213,0.09922803108269589,0.09706962650075825,-4.402073647558537,0.9986322177432504,4.2910489276593085,0.0757154172057019
328_688026,1.0,0.997055303860228,0.8745243163263111,0.586600407930029,0.3119435208338271,0.1764665193014273,0.10885494540766157,0.10325486820271641,0.09504275177992672,0.09470035616730658,-4.652245954465524,0.9983521129744541,4.402929760267559,0.07607815460185403
328_906830,1.0,0.9930912188939299,0.8977841565420767,0.6205548845250305,0.3494683773479666,0.17799739243995594,0.11060326095271823,0.09734126408876072,0.09022980749686486,0.08922050655845676,-4.547070132342991,0.9962684852580961,4.49298014219467,0.06866250943490042
274_905982,1.0,1.0002054902784507,0.9070868491801803,0.7847117027010931,0.5530553825093593,0.36830324838247136,0.1906746359921189,0.11165264217975651,0.052237699269012505,0.04428154942410931,-2.55451138231182,0.9945231710227991,3.536622327696765,-0.04835784968268683
274_949158,1.0,1.0001404981287323,0.9033430200327667,0.7732194740659781,0.5410616021579947,0.3567635174730092,0.18646488127726893,0.10901630046816767,0.055131156782704756,0.04741670451136659,-2.591029141472597,0.9951303769409434,3.502433166105849,-0.0423684870522153
274_1240160,1.0,1.0007206772010002,0.9092793566269429,0.7872788265132735,0.5559849892751894,0.37532538673499044,0.2022400566038145,0.11107508138742432,0.05333300327004379,0.04518533048442791,-2.4840740695706334,0.9956778309408999,3.4842626428083827,-0.05383474936147171
274_930083,1.0,1.0011483821661025,0.9120567026911943,0.7957815142630515,0.5685908035557347,0.38216810453274125,0.197730409895849,0.11757879639416542,0.05349478614045881,0.0452544624168475,-2.524535692522664,0.9943572792829638,3.578180542410883,-0.04967836276723963
274_907287,1.0,1.0013844200935356,0.9090164895040189,0.792278236999462,0.5652581499185524,0.3755369730093118,0.1975184837501381,0.11734118299425367,0.05633347919575827,0.04886666702196679,-2.5564078618831325,0.9940814007660427,3.5804549686794482,-0.04353100525210493
274_1299070,1.0,1.0009457945917035,0.8994258988177651,0.770070727384747,0.5399592129351043,0.3567191352796362,0.18586583251866515,0.10754988884056803,0.05335098857983111,0.045217633664453194,-2.541745902865297,0.9954160433089834,3.4459023594392697,-0.04903976767589842
274_906843,1.0,0.9996958738306637,0.9107826535472384,0.7871603911982543,0.5519190017533994,0.368535787604952,0.18868610500174396,0.1086901753912982,0.05307588574947958,0.044847250303636045,-2.606766666341069,0.9944283378239833,3.594563707683968,-0.04376680414178051
274_1298222,1.0,1.0015190495100457,0.9147315912430388,0.7952559640414364,0.5674911445838945,0.36804779910160307,0.19413580054134924,0.11345227507140516,0.057714622416964324,0.04844002138895812,-2.6690356228520904,0.9939469139968543,3.7016013449718086,-0.03426815359143519
274_946361,1.0,1.0008775941078458,0.9058798565864222,0.7758750882926938,0.5405923546032743,0.3499868995224226,0.18279904188497076,0.10466900597781491,0.055652670382474144,0.047582048454353175,-2.6871063539108926,0.9947724872344953,3.5987134509266325,-0.03496284048194121
274_908126,1.0,1.000184174783969,0.9016551714050007,0.7683928464569186,0.5319687081470953,0.3457932340222499,0.1790196374964772,0.10270158574888254,0.053109079974125235,0.044936904440249024,-2.6547185057820366,0.9950714796337813,3.530817015997625,-0.04004510896939085
274_753570,1.0,1.0002563366868906,0.9073273001113996,0.7857023207032756,0.5584082062925568,0.363045185913585,0.18525908257143628,0.10747979687951881,0.0525317154104592,0.043681609254422125,-2.6270346979306476,0.9930842759272102,3.6229523836459494,-0.0436486539638059
274_687459,1.0,1.0010740250939143,0.9088462065877124,0.7863704233158567,0.556478087791494,0.367734748988566,0.1929108629779388,0.1121878180621666,0.052994838671174806,0.04460990740134028,-2.5638121842786274,0.9948667264963473,3.554847918836443,-0.046927393641794816
274_909781,1.0,0.9985194031433305,0.9217596418448194,0.8059543730964096,0.5549398531650235,0.3555705729988697,0.1814200039357949,0.10317048933605089,0.047885819833166914,0.04027340365703531,-2.862523618120709,0.9930977065584368,3.9086851504074946,-0.028621676090951002
274_1298168,1.0,1.0000548801776008,0.9109097914301149,0.7927077835672695,0.5610165723781159,0.3732908636906523,0.19572398427065194,0.11058065516922967,0.05373976184448784,0.0451671051775654,-2.5762648893350755,0.9939411362023183,3.600887114052026,-0.04579025196075661
274_906805,1.0,0.9990377680700812,0.9175586202883266,0.7882707408111712,0.5437043785832324,0.34305781337459385,0.1752749372382655,0.10369817771811925,0.055308921763706775,0.047885910513702425,-2.905680954114895,0.993500956734412,3.8571570787890574,-0.01907041248606576
274_684062,1.0,1.0008173331543129,0.9076516739545165,0.7845652807557456,0.5532710377102718,0.36613007425004884,0.19257372516909266,0.10723252795495845,0.05333989729586677,0.045505391345116,-2.5750510245540914,0.9946309336542816,3.554963902473117,-0.046321125100337306
274_910930,1.0,0.9996441701296713,0.901801639312947,0.7674560183828,0.5336008354458591,0.35622755980347515,0.17895549367694383,0.11060684578513724,0.05223305916228709,0.0441741168721862,-2.568253271195776,0.9957397703416352,3.4542086350883894,-0.04685222967747688
274_924238,1.0,1.000818758362564,0.9096333607523497,0.7891903047737836,0.5584110358538833,0.3732942838441646,0.1959043541272337,0.11100340112688256,0.05297376248532798,0.044914406855762756,-2.541415682959743,0.9947474550875425,3.5504425805052966,-0.049211381153922415
274_909253,1.0,1.0003355538251457,0.9081812765502212,0.7729421789742169,0.5285297063066161,0.33380357873578476,0.17212870550462878,0.10160816469834666,0.0532001604061015,0.04536339309639811,-2.8297411276399784,0.994769350898632,3.6997633967102863,-0.026220731016073164
274_1290795,1.0,1.0014165445604195,0.9078647569205535,0.7821770736367709,0.5488093753560972,0.35801486839395064,0.18808712927386514,0.10809422146164394,0.05475951851159689,0.04656129522999447,-2.6404191626002094,0.9949059421673511,3.5926115217641335,-0.03913642049564745
274_907319,1.0,1.0013892030956935,0.9129035392770751,0.7962638812285124,0.5703175561933803,0.37842864996010217,0.20144188258379034,0.11291623259500592,0.05603189065725465,0.04777311010930956,-2.5619534432011646,0.9941258913947335,3.615501759383253,-0.04475065111598444
274_924187,1.0,1.0005359417356845,0.9146241722682426,0.7956533193881162,0.5687160380164711,0.3672291616288746,0.19192717584344118,0.11012386487302128,0.05410321060314357,0.04517737914511322,-2.668875860538698,0.9932134651591955,3.7145578392343968,-0.03816587330226308
274_687995,1.0,0.9998079320418579,0.8998031328699968,0.7692658656094199,0.5369479980688187,0.3542940304044433,0.18158055717552868,0.10835952600235271,0.051786988732705264,0.04364004376269406,-2.5646908868648435,0.9950490873004678,3.4617764097033255,-0.048104420949508606
274_909708,1.0,0.999378821790312,0.9084341534261844,0.791113976457052,0.5670487900244274,0.37472262378441396,0.1934358114934361,0.109420407395124,0.05326616215958599,0.044329734477906946,-2.560338093538237,0.9925537249375818,3.6007292311663175,-0.0487851149608125
274_1503370,1.0,0.9997035935450986,0.9099684821004071,0.7831638942418078,0.5481878479490007,0.36390186079782466,0.19041271034230056,0.1077777693834549,0.05487066758061323,0.046506670345855226,-2.6122682108499724,0.9948711137316181,3.574292758293003,-0.04149827522327833
274_907000,1.0,1.0008010394725968,0.9121819566113712,0.7936800124216828,0.5642849454363776,0.3733646947921943,0.19427630759547063,0.11161425016273076,0.054515183601300025,0.046447756464282265,-2.6018267833035114,0.993899525540049,3.633882945913362,-0.042683203273804315
274_908121,1.0,1.0002597054408342,0.912690526432906,0.7912187410540442,0.5570441743708484,0.3590017702893405,0.18672407237995323,0.10810246376389414,0.05694537038675412,0.048010401518362965,-2.73683118735097,0.9932783264217622,3.7326111253458456,-0.030207944408004384
274_907058,1.0,0.9983812999500806,0.9109625118645597,0.7940601582475447,0.5654173794517297,0.38451740473188817,0.1916281704168781,0.1273593372250367,0.05475787300499374,0.04617879128029941,-2.5235928589078975,0.993455667423378,3.564459059022685,-0.04680306374156363
274_713878,1.0,1.0004339699923077,0.8978336239203121,0.7613403769719594,0.5274056040235152,0.34045546634156015,0.1765234401667551,0.10575066524328582,0.053106038290205076,0.04498332380347913,-2.6381107415798217,0.9955660901537128,3.4793349073047417,-0.04057019728236665
274_1330972,1.0,1.0014208219679768,0.9053624312062093,0.7771340394473037,0.5473375493605109,0.3635552680714412,0.1907225223227089,0.11139338087142525,0.05114796776217908,0.04363200010241136,-2.5195175399143923,0.9960773257480897,3.4652530965797745,-0.05197971742543373
274_687561,1.0,1.0029117435413148,0.9151485932726603,0.8009809400855522,0.5786842730897549,0.39168898100987676,0.19649258281495674,0.11611719104535428,0.05374121172739904,0.04555943597721257,-2.53164156503638,0.9941421971046532,3.6321180570978333,-0.05028166620310454
274_924188,1.0,1.0005912766117508,0.916505825334008,0.7986210404144499,0.5546560049434338,0.36049960204773984,0.1781507183982063,0.09530344813121162,0.051535935310867344,0.04500725617577162,-2.8293550925758626,0.9926815759448222,3.8577192684290944,-0.030226748780083065
274_1303900,1.0,0.9975352204680928,0.9273633124050603,0.7980479267287258,0.5432640882560976,0.3305746855784519,0.1636724879425687,0.09618342979529215,0.05672059403345057,0.04854204724182761,-3.1796212413176277,0.9922142323838499,4.160650517382945,-0.0037917790596691883
274_1524416,1.0,1.0005857103698788,0.9108997663913324,0.791356375365179,0.5591492906167805,0.37454675203336424,0.19642862511250544,0.1109490664410145,0.05316087555778687,0.04472834747565996,-2.5502065953243496,0.9946653459930576,3.5679722851769746,-0.04843173888452071
274_909975,1.0,1.0013555824982403,0.9084619551511318,0.7779246616947143,0.5386763708970846,0.3490528059881815,0.17651349343201592,0.10537886475817033,0.05529647618615834,0.047474556190054536,-2.748064781602717,0.9948470314484806,3.659846031258531,-0.030486420658704775
274_946370,1.0,1.0000914090833342,0.9147935747935468,0.7887313367258054,0.5495720258146869,0.363121654553515,0.18287289869262124,0.10640744799528708,0.05677924213489111,0.0487957579765391,-2.733082041331414,0.9942839979018527,3.7101322126552025,-0.03062578942877834
274_905974,1.0,1.0000303242876873,0.9118679365900407,0.7956814216357739,0.5669201961857377,0.3814841973659058,0.187959452322878,0.12610813505354693,0.05486061972101647,0.04628359228445004,-2.5762415295180543,0.9935390521605757,3.6201327081853942,-0.0424432610457799
274_907047,1.0,1.0019405456275836,0.9104604757875793,0.7842377225139024,0.5503415113201879,0.35382803386866696,0.1810771133492065,0.10423949784206031,0.05430142610808828,0.04696108848355605,-2.73418991225138,0.9942357623406198,3.694738578365383,-0.03289312237006604
274_684055,1.0,1.000239227422692,0.908409274119867,0.7841197102061742,0.547235488320229,0.3551157338240826,0.18215020653231584,0.10116724987161056,0.05364324991053479,0.04597271797161064,-2.713793924313572,0.993488365503358,3.6732361819743944,-0.03568345823894846
274_1674021,1.0,1.0006365225140268,0.9076968978984574,0.7828977229935843,0.545844866576796,0.34317124623005846,0.17448079593439306,0.10781888528861124,0.05895999521564299,0.051224905260826716,-2.853527903306924,0.9924847128914253,3.7843786356429456,-0.019435830861583143
274_1240218,1.0,1.0017081563530192,0.9050459803353833,0.7802355506175506,0.5543009682945451,0.3709212603178944,0.18623543765284914,0.10785305312742766,0.05436638359615876,0.046488989740513444,-2.5493060768570412,0.9945176764024739,3.5233059100811377,-0.04862526169034579
200_909756,1.0,0.9997629166600666,0.9332081373107401,0.8321178438443088,0.6058148958054576,0.39106965275812594,0.1841290616198165,0.11261614605016675,0.06887042009482439,0.06050898933197396,-3.062919259512575,0.9890291774919704,4.328593840658507,-0.00025550364613186586
200_907268,1.0,0.9997773990141585,0.9320842920049719,0.8289349202401559,0.5930209051563461,0.37854419922988747,0.1804463660673122,0.11429003202772287,0.0704854259200885,0.062319559041885325,-3.128348658068442,0.9897345694768269,4.333215916369659,0.006153040824963377
200_949172,1.0,1.000621839848286,0.93557843093475,0.8332732320801673,0.5997049106049014,0.3823073532001177,0.1809605127476186,0.11016156356847197,0.07000868214826243,0.06162939570257975,-3.1518645558941483,0.9899964521603563,4.396352965491871,0.005591958988210729
200_909194,1.0,1.0006906014699783,0.9354941505691413,0.8316071624726341,0.5977893933115809,0.3788244728551997,0.1800910793491116,0.11144254365003044,0.06922555391105323,0.060956541141571285,-3.1544168276813314,0.9902549479776277,4.384889850412873,0.005606971274927628
200_906791,1.0,1.0000926850112404,0.9333124471102264,0.8285649113244449,0.5936149013329183,0.37761449857527585,0.17888800121228776,0.11400348607896083,0.07107702144931702,0.06250755105429873,-3.147165096025871,0.9899395264536512,4.352460995641425,0.0072730915095755785
200_905939,1.0,1.0002935346351027,0.9346952295621299,0.8283754097439585,0.5992488610450447,0.38021021031579977,0.18250211937153704,0.11456063684359351,0.06920497269931021,0.060602872043953405,-3.0996486420059584,0.9902770704904663,4.321732492280432,0.0031407665525274896
200_910947,1.0,1.0001363631685285,0.9323822672881352,0.8294287807892263,0.5926884283926254,0.3799422799921211,0.18019682476906804,0.11354690617772041,0.07025369634872143,0.06212793874979067,-3.123275495581312,0.9899690082206585,4.3298391030271395,0.005456504976307498
200_910921,1.0,0.9990477168951619,0.9323059502891717,0.8312192586750641,0.5988064377821468,0.3836149126829484,0.18121049255837848,0.11174748533845315,0.06896380451764166,0.060586295928913236,-3.1100649250823444,0.9889221785645465,4.349042446259412,0.0027930156676271712
200_1303901,1.0,1.0000295137667825,0.9337690851139463,0.831039364899639,0.5922975489210206,0.37367736349714636,0.17968962301298572,0.11227859089408843,0.07081165895363886,0.062466374413542004,-3.1885082616265326,0.9899365385636759,4.396003838292719,0.009367374464079418
200_1240224,1.0,0.9986634069745423,0.9325167116127232,0.828538928096421,0.5948276380382519,0.3776297215880596,0.18086414352098665,0.11612477377761556,0.07259970208747059,0.0642378412704459,-3.1503857539730675,0.9891332380761876,4.357774603724799,0.009427943579752239
200_910544,1.0,1.0004864578475845,0.9359598536540926,0.8315147315860459,0.5967806832931988,0.374629500653851,0.1794267640046735,0.11109323952066492,0.06948193414998415,0.06083704048474677,-3.1855427572968074,0.990234397022369,4.410799172124963,0.0074356126715104396
200_1240128,1.0,0.9996612572842162,0.9331647696080579,0.831134245409018,0.6055751874971756,0.39143011155213864,0.18482868457389445,0.11375819645552354,0.06952345460118589,0.061073957655773746,-3.0516077441366867,0.9891262686780641,4.311648012413355,-0.00012282695653496908
200_753570,1.0,1.0010593257216758,0.9352525055565316,0.831003859857535,0.5984314651275178,0.37723474452483385,0.1806494963889741,0.11120658230586726,0.06783623055804576,0.059606143961590086,-3.1440426039017138,0.990401570351557,4.373765349830144,0.003945773829952056
200_684062,1.0,0.9995747402483582,0.933118726018979,0.8305957811738623,0.6027467210396075,0.39029497048505163,0.18343072630568338,0.1133644287785799,0.06914749777705141,0.06081266819485148,-3.0560581945973047,0.9893052064977531,4.306105215070166,-0.00013464927253073458
200_910930,1.0,0.999854237076678,0.9369982945217453,0.8340034851039624,0.5993583293490514,0.37097018704153,0.17484412881140457,0.10798669815489707,0.06827393191741837,0.06009318949353032,-3.2630975903094326,0.989308011051971,4.511915125420761,0.009610834024996448
200_910569,1.0,1.0000337444218712,0.9335983823752435,0.8289973631687818,0.597271741445772,0.38151139979684107,0.18207599956552536,0.11418997263582133,0.06952073942197307,0.06087566716683022,-3.097235341726267,0.9900480014062429,4.316927280823408,0.003171727156750405
200_753589,1.0,0.9984433934413781,0.934471157086592,0.8392211238305815,0.6045158481364276,0.3674633763515285,0.17885938487189526,0.11471504615646344,0.07388246269030156,0.06502252572234164,-3.3510100465844537,0.987379130159323,4.623419593346151,0.020055868159010202
200_909743,1.0,1.0006683137229426,0.9337102499229984,0.826488858144461,0.5840385647792481,0.36123845613536715,0.17441285628304215,0.11072808082729653,0.07058163730499861,0.0621773862532741,-3.2564846754324552,0.9904715151086937,4.420550838208317,0.012632050150617408
200_910919,1.0,1.000140214573163,0.9319281356906681,0.8258104677672082,0.5826876013428833,0.3614554518499742,0.174368072308437,0.11042404644262753,0.06980894739128428,0.061644894847837146,-3.2405385955431445,0.9900291666349125,4.40052899056316,0.011290605010760811
200_924106,1.0,0.9996840347136304,0.9374782511932424,0.834974333696518,0.6040655365468095,0.3859165015666761,0.1807402520668584,0.11325713948290221,0.07084464516647043,0.061742810486858805,-3.15513553713146,0.9897146057528302,4.420222070939053,0.006547000661941544
200_1327766,1.0,1.0002569805441333,0.9341200890431157,0.8307153758076881,0.5922864484574618,0.37473797656295726,0.18007586843884216,0.11307843797719397,0.06999633561196274,0.06166169850261196,-3.1678850339400353,0.9902969290045265,4.373954483296053,0.007794920630638871
200_907063,1.0,1.000237438795381,0.9336757789363511,0.8287563379620718,0.5880249749314436,0.36490820134735386,0.17450675508953842,0.11133959554184054,0.0701200392610243,0.062204440358865576,-3.2526323302897837,0.9898908730691682,4.439248715007012,0.012139813861437799
200_1331039,1.0,0.9989697883483863,0.93277544980662,0.8298497420207354,0.5960809373531829,0.3759390196848494,0.1782190903438009,0.11417513143416258,0.07142173250788957,0.0635006302131164,-3.185193782295411,0.9888312045022727,4.404125568073863,0.009862700974289729
200_910850,1.0,0.9997776316495474,0.9324531448396883,0.8297500847259179,0.5935889384022272,0.3780278895318621,0.17880825480593407,0.11297010402257172,0.06994080326756259,0.06162424882642325,-3.146160531285231,0.9895680944789245,4.358091657227341,0.006178141920576236
200_908138,1.0,0.9996248472491853,0.9320392025537435,0.8278520147937982,0.5997534669670029,0.3871526751117282,0.18290208718638212,0.11305929780972833,0.06910289066317629,0.060615356931498686,-3.0492461197189207,0.9894327534002424,4.279447204651694,-0.0005337722005638599
200_687819,1.0,1.0000814991975389,0.9355492272358634,0.8324669864318778,0.5998962100682876,0.38262258059807247,0.18341172598087915,0.11371561951370972,0.07059701947976943,0.061682229455824224,-3.125807356202455,0.990137022021509,4.363771982384014,0.005452343342633159
200_908125,1.0,0.9986601934315923,0.9333094424453909,0.8317542867146509,0.596104410491125,0.38076046004694214,0.1800133364807662,0.11161564808023504,0.06933730496971953,0.060864782893885826,-3.1414268299546975,0.9891070177849998,4.372627916372361,0.004982182382687236
200_907042,1.0,0.9981855910187489,0.9303643788894519,0.8315362241579739,0.5980645213200078,0.38400806190523157,0.18169523301565707,0.11009015378258478,0.06856225122101556,0.06020919768144208,-3.1037051011872863,0.9881476232790747,4.345267945887864,0.0018000125587986462
200_949094,1.0,0.9999239453998383,0.9343089301171044,0.8332918051152068,0.6071360234814628,0.3913402565400157,0.1864965449046085,0.11341355568087236,0.0689222619036929,0.06018125935787887,-3.056280387527482,0.9894234911991279,4.326889117130114,-0.0004228766693304461
200_907273,1.0,0.9988755880238402,0.9351252543379305,0.8384930631241377,0.61005201226899,0.3840100518159149,0.18526619264554575,0.11526949838804185,0.07204569162146586,0.06359356826791425,-3.187775772636022,0.9882130392574475,4.479090176537136,0.010331627539050585
200_924186,1.0,0.9997468455699194,0.9341468464108793,0.8314002148123877,0.6042016710797253,0.3886516000181062,0.18227034136046072,0.1131517287148373,0.06938776878542326,0.060760131717249886,-3.0846052726439632,0.989287032931565,4.341283926672418,0.001469445137067173
200_1240200,1.0,1.000062246234056,0.9357290515581119,0.8305904016437005,0.5971043297178764,0.378038182511309,0.1799451560756177,0.1108283767655638,0.06921698216556453,0.06052004135928615,-3.1519575090929584,0.9901520392671214,4.3784832979702895,0.005183899693960462
200_713899,1.0,1.0000908028054871,0.9332000648029216,0.8299159763901086,0.5899713518516394,0.3656144617064517,0.17625043461703593,0.11216977841764479,0.07101664441690331,0.0626043096823995,-3.2522164793277843,0.9895934310087108,4.4468119145356235,0.012877077088016685
200_1322218,1.0,0.999538454804159,0.9330733107015755,0.8307169504707995,0.6036035035857323,0.3933216450051491,0.1829181749097761,0.11245779649172287,0.06908901221231419,0.06068785067602989,-3.0441349958441415,0.9891569001355079,4.301169095334599,-0.0013760071594953215
200_907289,1.0,0.999722670657726,0.9340980071476818,0.8260094805435587,0.5921413946823042,0.37320658157728787,0.18003559102353617,0.11550863782952585,0.0702047009918525,0.061940372334532,-3.1410996605933375,0.9903709618000576,4.329638348222426,0.0070897515901010575
200_1247873,1.0,0.998871938111232,0.9331703972743509,0.8348552193546784,0.607383886496652,0.3897941141614809,0.18856413304610123,0.11941404484547473,0.07359851469207479,0.0639820742701198,-3.0909971952151394,0.9887164131417376,4.357562303489889,0.006772638235706053
200_1295740,1.0,1.0001279333343505,0.9345911964947081,0.8297568564917985,0.5881343164476743,0.36478909144024624,0.17634418502804547,0.11170499686514164,0.07015798482842929,0.06211867629496568,-3.2515198154116454,0.990179939217095,4.439683108878208,0.012373712518890698
200_906835,1.0,0.9997013826224922,0.9333013067199682,0.8321105345390949,0.6038384266391053,0.38815424477941146,0.18345715008664878,0.11275121318114685,0.06912741047057026,0.060664485242458106,-3.082933235068672,0.9891392939493757,4.340138811570673,0.001300405522041819
200_909250,1.0,0.999925176641077,0.934443394881049,0.8317930986491153,0.6029241493493704,0.3901482385074177,0.1843692102029422,0.11377014473300821,0.0690691806027335,0.060408977520687135,-3.0587931027076847,0.9898267649842485,4.31095130082429,2.9499408462046274e-05
200_753540,1.0,0.9992744910447232,0.9307634031439291,0.8277196674607544,0.5931859282699428,0.37831917400901743,0.18033927751813486,0.11487419446937487,0.07064386389867401,0.06228287230364582,-3.1189239220392118,0.9892547454722664,4.321092088808393,0.00577088579064566
200_909744,1.0,0.9997676079403482,0.9332223153375184,0.8305819163442628,0.6042615725598369,0.3888569493514782,0.18362620478053857,0.11312829663886115,0.06924093847306162,0.06083058538612605,-3.066910933897107,0.9892038427341082,4.3205096932620135,0.000487486651712276
200_1298151,1.0,0.9998147508871732,0.93363162967953,0.8306122921824325,0.6029972145431178,0.390250635039904,0.1828956556000385,0.11252906534190316,0.0687943959598268,0.060395801250230786,-3.0586876735899486,0.9894504477677332,4.31052872130561,-0.0005591264631405517
200_910700,1.0,1.0003312929623454,0.9348534303031132,0.8292750041430731,0.5999994948030732,0.3855579312831577,0.18593734256215325,0.11502092132275499,0.0684476596980616,0.05986101321316315,-3.0456021731446423,0.9906889839735772,4.274070103879861,-0.00047434611965180984
172_1298144,1.0,0.9882942325926821,1.009222010306159,1.0170006579141808,0.9844168255354967,0.8776777440081353,0.634998552743728,0.2080630413525569,0.061743797296622216,0.046103107834556595,-4.052531907009303,0.996355725563669,11.047740432311192,0.012434500814219984
172_910947,1.0,0.9844760038509236,1.0044450681185453,1.0182864349090897,0.9802582566596417,0.8807157981256836,0.6340228322430481,0.21531011888708107,0.07007909540062408,0.05028074505913865,-4.034392943282326,0.9946956494881172,11.004211838386302,0.018708723953812338
172_724831,1.0,0.9857157410171361,1.0054250883437128,1.0150852090556803,0.9910961951032188,0.8903286294175311,0.646138743941612,0.2327013457613402,0.07443586961505168,0.05509076868082772,-4.001877599914447,0.9966996684231575,11.0651777391973,0.023416173751544693
172_1297446,1.0,0.9861673010272939,1.0057407873031132,1.020325821058875,0.9974357681172469,0.875394551820007,0.6484369511991118,0.2211603963153526,0.0696210312447998,0.05000090971234908,-3.951954044843737,0.9978430482783824,10.900163393799136,0.015229971795553446
172_906865,1.0,0.9868431802292559,1.0078244082897871,1.0190332403633817,0.9855531972503749,0.8789086965113134,0.6343862606396033,0.2183732062483473,0.06706063555623298,0.04829387857941878,-3.947048842401889,0.9971487009021544,10.78981618458595,0.01379991782828518
172_906871,1.0,0.9851685605539494,1.005088638835302,1.0156561591139315,0.9931031125728507,0.8885285724515687,0.6443664722514383,0.23205469906519452,0.07342614896942665,0.05400482980189503,-3.977089825548375,0.9970534624953029,10.985395099617971,0.02163326865980759
172_753620,1.0,0.9857647307805033,1.0068325343245308,1.0185054281296226,0.9957576820891708,0.8781302994106689,0.6475675138022902,0.22408835172991304,0.07027388888903918,0.0507455045254648,-3.9475333507556654,0.9976192359068954,10.89669665210552,0.01620972437444989
1006_906793,1.0,0.9910581934120629,0.8289790630439837,0.680742969819303,0.5590863764177597,0.404229445837295,0.21360078986713305,0.15574446909360581,0.10988370702092638,0.10037325105210289,-1.6647351665075334,1.0015641345931088,2.379893124878015,-0.10633459643351408
1006_1327774,1.0,0.9908111376610891,0.8269994956204024,0.6802292646983471,0.5581773554021993,0.402294807442944,0.21162537134497486,0.1549644133333398,0.1094084476022283,0.09986642614667439,-1.6689412441529987,1.0013808517300555,2.378565125210759,-0.10627970890742994
1006_906830,1.0,0.9906386307377133,0.8286132258310864,0.6801663131036079,0.5561482861967354,0.3971063866247517,0.21096271062883995,0.15501314092861662,0.10955171544147448,0.10012796571982709,-1.7123694782708179,1.0011594657443017,2.406699551190999,-0.09763432410859284
225_909257,1.0,1.0111410992173122,0.894347072414639,0.8127873752928206,0.6932512954377089,0.6934272160364233,0.6444197773127729,0.32607573548924507,0.061338961399129525,0.042462833889584405,7.684750161658826,0.9907629690379818,1.8141928792123732,-2182.583353127012
225_1524415,1.0,1.016444292710701,0.9352985467703463,0.8962953270103321,0.7684237870272524,0.7562275373235362,0.7597723056727692,0.30725072179315477,0.057293963245174516,0.04204209731840338,-3.939042730319049,0.9037255813677846,13.12368303004642,0.003961096433720696
225_1240145,1.0,1.0131996255038582,0.9130762080977611,0.8179126116428245,0.6539593968883537,0.5846084294779139,0.5808058038477298,0.25931906221505546,0.05740980648713212,0.041191050260729355,1.5157191302130075,1.0132448813122825,1.6852510245752295,-4.657548820458054
225_908465,1.0,1.0153171993477412,0.915531914220824,0.840064126826122,0.696005854391645,0.6661327106785943,0.662978554723946,0.25823715790501683,0.059946821644688765,0.045244485527559074,1.5070008228511875,0.9977609818952349,1.9977721376811624,-4.59939141456752
225_1295740,1.0,1.0088480310452737,0.9233135029530728,0.8249308263332087,0.6590920917447706,0.5723847716695413,0.5473212227691264,0.2628808190730403,0.04006289715653944,0.027927071116104107,0.9559553345911866,1.011886110298848,1.8169780771773831,-2.703218292025239
291_905965,1.0,0.9949363246872899,0.9849235699619118,0.9772721265720833,0.9225856674456775,0.8758501406875459,0.7685271271720945,0.430892328391481,0.02115941919089521,0.0003767347383594687,-2.851701410643381,0.9666478135237911,10.706284449978195,-0.09472370502010115
291_908134,1.0,0.9962760087922181,0.9857786110432057,0.9782963709827633,0.9237987079356823,0.8771789724400691,0.7685914062842366,0.4310862630302416,0.021934993400505698,0.00022765506040677797,-2.842445925985279,0.9676964567986089,10.671115167789464,-0.0952513150552319
1022_909257,1.0,1.0039352979944256,0.9984009122883212,0.9345307252989615,0.8116626681026015,0.6215488847038907,0.32861565522853936,0.19190244714952628,0.1095037730769736,0.09910710288734914,-3.041677403039551,0.9941685044728747,5.68500518626587,0.03840410012466008
1022_905952,1.0,1.0050775886733887,0.9880877981624913,0.93171522070667,0.8066461838257712,0.6235148661208095,0.3460759307735765,0.19734761795518665,0.1076283611509673,0.09814851179521024,-2.8284572600943814,0.9925587642823742,5.4037897707776255,0.02447744173718699
1022_910545,1.0,1.0002447577164237,0.994555448232468,0.9242836847229695,0.8096741361127645,0.6066079993254646,0.3212980115118152,0.1822224504386222,0.10415388001023958,0.09174920501541535,-3.050157162437249,0.9910685281443659,5.6548697383960125,0.03200391394156672
1022_1240149,1.0,1.0031855142586703,0.9999466816606604,0.9241747976015255,0.8125044312158581,0.6151448912388016,0.3440648867831806,0.1947268353357261,0.11034552298848033,0.09638662617922404,-2.851546734615924,0.9944713155113918,5.403290313231289,0.026044361616025906
1022_910934,1.0,1.005540853568205,1.000746054408303,0.9305110195992654,0.81346018617254,0.6415592946500231,0.3652393905724196,0.2048828781895556,0.10759844690263522,0.09535811637107644,-2.668897411406857,0.995611663811338,5.279231223030159,0.010692470876018479
1022_749711,1.0,0.9996801851680309,0.99114641469787,0.9266956974841203,0.8112239635071955,0.6091208007558108,0.3225699418188525,0.18562765624152644,0.10107674999715331,0.08766986554353012,-3.0192364793422937,0.9904292993707018,5.642734894223779,0.027517641215668655
1022_1240166,1.0,0.9977475334638406,0.9881985505209707,0.9338182788479695,0.814889845200927,0.5807772703091948,0.30340382028803414,0.17320237564168536,0.10237281169465011,0.08952569887952193,-3.3392681717267014,0.990070385887181,5.996450091918273,0.04556455156704908
1022_1330933,1.0,1.0029842575180161,0.9965632892585997,0.9240618695076686,0.8160026002486882,0.6189213097707652,0.3435600121324887,0.19452343300887795,0.10986257760118268,0.09581383046985358,-2.88803654251964,0.9927647084948217,5.491473571714982,0.02780733522516235
1022_1297447,1.0,1.0018968569337532,0.9979007682816002,0.9213892674395326,0.8001510794261472,0.5942173626973513,0.3182634020962211,0.18278528337973823,0.10570621948458975,0.09448587499325252,-2.9930413544679575,0.9937360022366513,5.466448177087977,0.03136333151880121
1022_906820,1.0,1.003703392313319,0.9778647265798028,0.9158945720043256,0.7782446028694682,0.5712035146235029,0.30996910286033347,0.17998784692295566,0.1013886018009188,0.08958156838451292,-2.87662349224737,0.9910982373543769,5.1659703542491116,0.020823606680256613
1022_688121,1.0,1.0006112801348344,0.990922898647122,0.9120063680080537,0.7903180777064321,0.576861648247181,0.307448703271524,0.1745514606834062,0.1065565303891856,0.0942566133384457,-3.02448692593432,0.9910789995745506,5.409677378969983,0.032787147189960335
1022_906875,1.0,1.004491238519442,0.9941905135512042,0.9415987893909655,0.8322942039926654,0.5965348890309726,0.32334848758637813,0.18945742339048033,0.0993357687228021,0.08842655611188967,-3.213704990054173,0.9950483881847019,5.936330855395713,0.04021801302046845
1003_949156,1.0,0.9939294560338306,0.933849310108017,0.7904695813599032,0.5609676666557898,0.30568478678005695,0.1923840234741214,0.14244217280724086,0.10486807267189484,0.09032814617409479,-3.5520288704637117,0.9899258879218436,4.450926736100378,0.06129883666665974
1003_909729,1.0,0.9966107584949141,0.9359474975554621,0.7920583832744984,0.5580045324275501,0.3039176598404653,0.1943344775687196,0.14524108378748787,0.10614800608300774,0.09130821108145486,-3.582314968064868,0.9916712196977071,4.467902734610165,0.0644300119485048
1003_1303897,1.0,0.9945998487394673,0.9364207159231165,0.788439412645852,0.5517828767804817,0.3007588230470102,0.19379140390615332,0.14543627425001737,0.10774808822308884,0.0915897588908342,-3.605008513133456,0.991461888155253,4.463661608413161,0.06634338984573171
1003_907000,1.0,0.9977378606060564,0.9369480077487936,0.7915795540209055,0.5569398212841888,0.3016167104112945,0.19254935012450028,0.14369685120445805,0.10519963656163729,0.09063774506708215,-3.6020369753341086,0.9922510805936419,4.48366665217299,0.06405276576562667
1003_906813,1.0,0.9976764623766013,0.9347608086458484,0.7914398613876434,0.5576858978811371,0.3033578932417757,0.19467449131843936,0.14590791208488427,0.10692398595166079,0.09200304497170202,-3.5796102700033137,0.9918803950268835,4.458531616109494,0.06502990215986626
1003_907072,1.0,0.9963189608370078,0.9353891847131409,0.7907013643900797,0.555387272407899,0.3019421367953438,0.19324032790189627,0.14446402988972004,0.1058791225269558,0.09133740322509676,-3.595364175241461,0.9915287462176339,4.470752787810173,0.06467148797385813
1003_1330960,1.0,0.99738236174152,0.9391606906725137,0.7959231278237411,0.5637874484499082,0.30624823518668803,0.19500916860484652,0.14051586085962892,0.10225974338935066,0.08715918455295439,-3.5554941914750207,0.9923517313433587,4.476260818302143,0.05909518325835242
1003_687514,1.0,0.9965287762012007,0.9353762911093649,0.7932964315707439,0.5579968052820302,0.3027996416362462,0.19340021006895783,0.14378576486133865,0.1053771591703278,0.09047060174443912,-3.5988998290711,0.9912779241436652,4.4909940691036025,0.0640150069763028
1003_909744,1.0,0.9965047400459107,0.9344800353733057,0.7891803964341045,0.5536791004803795,0.2996915621591584,0.19191711539665154,0.14444177659881094,0.10580727291981255,0.09088032692231585,-3.6036359004135656,0.9914656622071031,4.469416928057909,0.06468743750806764
1003_908130,1.0,0.9972691539488748,0.9374448410823494,0.7937506070111303,0.5616223828766991,0.30569978330295067,0.19506709383746704,0.1437955854102511,0.10492297374773639,0.09003632548384971,-3.5644947419978097,0.9920876102267081,4.4668493666458255,0.06236355035219092
219_1503366,1.0,0.9901791471474288,0.9761690485308373,0.8718952508041767,0.6431965166912698,0.3019395853061562,0.16421977601127666,0.09132902473955821,0.0696765819855222,0.06915162225292744,-4.520694407638811,0.9876467487761253,6.124783718293815,0.051171120385031715
219_1240217,1.0,0.9887512144652394,0.9526457165621567,0.8268375713123696,0.5833897188578545,0.2715719191781681,0.14358211311732338,0.08031475304872879,0.06991744533295985,0.06571298950377646,-4.295942153478867,0.9833369892953067,5.534377843368985,0.04119514193536829
219_907280,1.0,0.9869327287264391,0.9612592542401233,0.8486099759291728,0.6163608334240354,0.29145602521698577,0.15056091485899223,0.08232346401508363,0.07254507482486994,0.06707716096408711,-4.396913837874868,0.9827712285119803,5.83999814695249,0.04517487534953011
219_924111,1.0,0.9856933008959597,0.9671769046698676,0.859466643135811,0.6296404855953442,0.31592287636442534,0.181889190789442,0.11606569945373373,0.10023743885762675,0.09704819673804643,-4.411884673888103,0.9846358847247739,5.870967107879645,0.07730689780468329
219_1299061,1.0,0.9882300832261443,0.9538038317142549,0.848608190102174,0.6139548960195391,0.30608123386664426,0.15821144968466158,0.08789184258928352,0.07481531055559255,0.06888787849420906,-4.208644646597863,0.9825826779346193,5.618584197733143,0.04441959861795459
219_949155,1.0,0.9905182401148483,0.9647874244892293,0.8582973398217874,0.6059300055877682,0.2799422096903481,0.1492511833910379,0.08817853405717495,0.07572154357838147,0.07145094476275586,-4.62494640258192,0.9855637195887299,6.056556154009877,0.054558665557070216
219_910688,1.0,0.9889493163294684,0.9567150089580211,0.8292940872609647,0.5670801661143844,0.2608786552863544,0.1429429356857742,0.07582566774269588,0.06557390086825486,0.06105916077542916,-4.364492921807022,0.9858369510065464,5.55707043105067,0.039570064301870454
219_1330983,1.0,0.9861245119311087,0.9606990053071138,0.8391936357724098,0.5908782956647096,0.2679836300396595,0.14001639896412318,0.07263305556628248,0.06399390248582353,0.0602397856755161,-4.4516590218462335,0.983541963946677,5.78390151426634,0.03849700967597637
219_1240191,1.0,0.9873132554490324,0.952633348709838,0.8437725445277634,0.6022092496368424,0.29760327749493504,0.15624715385853602,0.08832315522839995,0.07912140949579652,0.07341989391503402,-4.272007693766579,0.9823211448399767,5.622523829843042,0.049422401305047575
219_1331033,1.0,0.9899115893487433,0.9555836760792298,0.8355704587127969,0.5593693946830007,0.2289304063093591,0.1200616667264199,0.06518890955688661,0.05674738468573239,0.05426124954963111,-4.8062431499179645,0.9833459400261346,6.057753126103031,0.03741930849754002
219_753531,1.0,0.9945065634312602,0.9842325058435567,0.9030150395007343,0.6619143709284007,0.3101393083513309,0.17936383194859282,0.11911206859816666,0.09959113687792337,0.09825658240741132,-5.085542370320749,0.9911334381723631,6.869845113689919,0.08981134710226517
219_1331036,1.0,0.9895304504160393,0.9533299480253413,0.8398785601353217,0.5766452835902447,0.2545845873753269,0.13246667730077183,0.07123314373831698,0.06001651278714249,0.05553055993352557,-4.553296165809554,0.9831650284786434,5.8493250888512565,0.036995172357125176
219_909742,1.0,0.9881957459938242,0.9507635910471773,0.8384010712975085,0.5964937257539044,0.2852270861565895,0.14729255278481126,0.0822945458001104,0.0719254799321243,0.06652390984339444,-4.3027363066162625,0.9818947294997605,5.630757176769384,0.04286285871208344
219_1303897,1.0,0.9885172492343672,0.9672287347911378,0.855615536238155,0.6096024560914236,0.2819598690728112,0.1595515223497911,0.09709748653272417,0.07507571420839498,0.07222616567341257,-4.52388984192447,0.9860845936137997,5.935535600009829,0.05618301659222483
219_908146,1.0,0.9870761347371116,0.9564426927006052,0.8365663762754335,0.572991097760362,0.24887948551158487,0.13286045071108674,0.06947771947598384,0.060357324872717076,0.056593971469285374,-4.586432265321423,0.9831596850900732,5.86225514357235,0.037872534167874415
219_683665,1.0,0.9899716481744321,0.9538951395610183,0.8170053204070534,0.5274504810611395,0.2164312957806902,0.11989982537077519,0.05980968772971209,0.05013056232626976,0.047957624368082985,-4.646576367330222,0.9859408377984227,5.719042429321742,0.030201866101109042
219_909701,1.0,0.9893844434623484,0.9526938666837917,0.8338535595245619,0.5886944581142717,0.28253995734083426,0.14824757956352333,0.08075740101954514,0.06848967077011346,0.06405712533348959,-4.2248325739747905,0.9839622105431092,5.498701615801982,0.03903706332928687
219_1322213,1.0,0.9945451938509416,0.9848527750163004,0.8828051130792276,0.6482988299872269,0.3190576410701225,0.16412340805131215,0.09346719059119628,0.06927730763710295,0.06618739959000246,-4.4279466980764255,0.9927314985962823,6.061120521701209,0.048149239118222074
219_1503362,1.0,0.9855336862581229,0.9639664418726507,0.8500137838181855,0.6002617182080879,0.2781937614281666,0.14817477605657683,0.08691993895061723,0.07319709995147067,0.0688423567336468,-4.533469781059869,0.984014000112472,5.920115265801624,0.050713072909013494
219_1331034,1.0,0.9882792010534488,0.9534812093038889,0.8329732744614061,0.5853770993830468,0.2661859646110128,0.1452878851320382,0.07781616203097677,0.06212682123309404,0.05885050807683926,-4.330200026441994,0.9833988145499106,5.603360711997741,0.036851471087622455
219_908125,1.0,0.9852291635133753,0.9589511481354803,0.8642712572427097,0.6303406166440017,0.3111990365175372,0.15657478970311542,0.08240354730243236,0.07084691204346565,0.06712748405906244,-4.371194580720102,0.9816232969756588,5.928326323356081,0.04444157433380057
219_687794,1.0,0.9852757432791065,0.9581308423720442,0.8530985604424185,0.6228876831235891,0.3074162759482162,0.16152786708983705,0.09074860356972662,0.07765751987415752,0.07193129047822225,-4.290223832541439,0.9819203923344544,5.754461879068354,0.049357346618694634
219_949166,1.0,0.990254478604594,0.9694606276171164,0.8541271573187603,0.6211024942514151,0.30281933284558626,0.1537593434775047,0.08019932426583579,0.060795501368201575,0.05841005228265476,-4.216780272152704,0.9874660418490496,5.673047848698464,0.03357852796860208
252_1503366,1.0,0.9944978901003969,1.025781537507055,0.9631577777856007,0.9326916613835996,0.7744164760368704,0.46468562970909827,0.16773672691220295,0.08616310735703647,0.0701059121316698,-3.695729099060216,0.9926114646844358,8.41302778885959,0.030332827209382515
252_907799,1.0,0.9947015623217997,1.0155002993005502,0.9655842722585469,0.9227738701326492,0.7916459920191965,0.43455802370585417,0.13849216400427913,0.07812119691438048,0.06262267157224195,-4.234464447614406,0.9870555252021321,9.480412929295701,0.03593470800062646
252_906831,1.0,0.9932459195923338,1.0256890168887705,0.9671250012893271,0.9514514204990089,0.8540453484502711,0.5195560009989988,0.14523440968639795,0.08125618825830012,0.06384716520586878,-4.6228489903788,0.9880291944012711,11.209997020120428,0.04246451356765457
252_949174,1.0,0.9936389919302394,1.023258099324388,0.9697806032439504,0.9364198999609142,0.8176421681605816,0.4720854834859462,0.13740683108962556,0.07949549927677065,0.0632986133742087,-4.352975087283425,0.9888458453433873,10.081886330800376,0.037101560916181636
252_753556,1.0,0.9958821633351184,1.0272877780724257,0.9751372540811438,0.9601435675037507,0.8582287808568912,0.5177717884741485,0.13888454146407872,0.08133918614997233,0.06564485199844637,-4.757263296449285,0.9916580185527013,11.48613054745038,0.044847938696207935
252_905944,1.0,0.99413093542084,1.0294487032699857,0.9728949575159384,0.9566405165499746,0.8653573835812326,0.5434746529895624,0.15835587065910475,0.08735073871416062,0.07003025353704488,-4.625742525666414,0.9902963498793754,11.419624900788808,0.04888600886100624
252_910930,1.0,0.9948121357457532,1.0267445539228839,0.9737469023680175,0.9182665816868569,0.7540356318427671,0.45706569543997055,0.14471054173059392,0.08234875656571693,0.06756913915346476,-3.6268880543167374,0.9943755368812272,8.106247508221708,0.02133438575454478
252_909773,1.0,0.9943425747553324,1.0213372976524233,0.9712095053491981,0.9320877568628297,0.8023877352633866,0.4760492591290764,0.13214816794155035,0.07828131841213204,0.06293488880903046,-4.170030389091744,0.9888247886429701,9.635437958689037,0.030651790090882022
252_907277,1.0,0.9933041591793187,1.0174655822083567,0.9655337869739608,0.9217023494925765,0.7855325194698649,0.4342885938523349,0.14904529274322337,0.07849539085524647,0.0629127848791317,-4.071540696674512,0.9881448124487014,9.10958407649986,0.03394299346606282
252_1303897,1.0,0.9941212531768361,1.0303532876550314,0.9706662529530387,0.9477145514241411,0.8315977806301239,0.5082243569732111,0.1541128291328174,0.08949309845884779,0.07218850019415851,-4.289606443801251,0.9912397534871947,10.207705753226975,0.04479474753369555
252_1297449,1.0,0.9939447505724024,1.020670902853043,0.9672671004024286,0.9397528579151241,0.822870940725012,0.4936455198080201,0.14854859808808965,0.08352753586117656,0.06719964740686603,-4.260613497267096,0.9878345582434556,10.04750452781561,0.0391664432688142
252_1240221,1.0,0.9928424741070749,1.0251641152972082,0.962498971458348,0.9483894140912982,0.8522435494169959,0.5347866532654986,0.15877552878666348,0.08358668062659796,0.0659573095959798,-4.433008275618448,0.9864180005400702,10.898934693034395,0.041829366314970175
252_1330960,1.0,0.994326919359172,1.0201554144715637,0.9699874479255753,0.9316650054412472,0.8023648290719675,0.47648602935217904,0.13409805716245043,0.07812029767470703,0.0622029742404685,-4.148469549948851,0.9883456249033057,9.599289433955422,0.030005262379068247
252_1330972,1.0,0.9950961519492075,1.0262699946164526,0.9742314313542718,0.9581543532439495,0.8524215431903204,0.5125252834320504,0.14157352580270025,0.08365188462019946,0.06724730869478661,-4.675369094444506,0.9912959394028948,11.225622831970258,0.04585114233641697
252_908118,1.0,0.9954636862507389,1.0223249650082948,0.9520292884671658,0.9020402246549217,0.7302617166526124,0.4709575094709397,0.16158137546578907,0.0793320589245798,0.06582215622479966,-3.1441383508715313,0.990668066240814,7.141883195006188,-0.0006568201809967498
252_687983,1.0,0.9939065547712764,1.025763359348445,0.9692689053651898,0.9498787276814523,0.8430120384884376,0.5195474254802862,0.14246209467757256,0.08135952225393982,0.06534066578092894,-4.493037665453145,0.9885477714886125,10.851126489636925,0.03989980822615086
203_1503366,1.0,0.9918003044845308,1.0362846837326227,1.0235645699478584,1.024711657408569,0.9447104697750209,0.6280542473222509,0.25271265238646995,0.09810870853134755,0.0908803572238771,-4.4714708231572065,1.0158516061809593,11.9368784251043,0.07041442836665125
203_909702,1.0,0.9946276509863656,1.0352168425340016,1.036155767722771,1.0335778099575312,0.9265822005524146,0.5837286859748939,0.233365811920901,0.08668851395266482,0.07347722292163336,-4.352010373284185,1.021104839192701,11.228772282564105,0.054235200462477234
203_909260,1.0,0.9949667181849131,1.0339767096691095,1.0350579776186009,1.0360556721701502,0.9263369170474526,0.5923207036503907,0.2452020023404263,0.08844096562828611,0.07441947074387313,-4.210655324092233,1.0212465200950382,10.984458200314771,0.05257403923136937
203_907273,1.0,0.9908384686103849,1.0355440975570218,1.0228144647391992,1.0258227956574426,0.9332417606612472,0.6269409108054395,0.2536889635249237,0.09623259664462025,0.0895582170778866,-4.330470367844742,1.0150308461086883,11.571520153729862,0.06544708940118674
204_910851,1.0,0.9976906788053833,0.8551628872561038,0.6905422815008317,0.57016478704422,0.594343558047887,0.5369176188347828,0.32462130100686604,0.052681869120049636,0.04176342439528566,7.665038574013954,1.0048187829914108,1.2754254036227108,-2093.9181546482273
204_910546,1.0,0.9978810940765644,0.8569591326114613,0.6917696473188677,0.5711025430033277,0.5944403966237961,0.5373182230940244,0.325292277274015,0.052470310688989115,0.04153467347542841,7.6948825201412845,1.0049538099840993,1.279167143934704,-2158.749858835491
204_907299,1.0,0.997487515607653,0.8557020976845346,0.6906813494065447,0.5721325529175275,0.5947793593043297,0.5374540515106938,0.3258839717557617,0.05276981243647061,0.04160497324453177,7.6908366450235555,1.0044235112033297,1.2796266811635666,-2147.919953160241
196_910851,1.0,0.9877843899857544,0.9757630586329692,0.905052466705394,0.8677835870834661,0.7176592184942902,0.5186632272171643,0.17226365538371868,0.03186289268662459,0.01995157359265597,-2.455334291406996,0.9655705138784756,6.316214452825123,-0.1005622669302765
196_907320,1.0,0.9871967547536036,0.9747770088279731,0.912551839580248,0.8649629672861906,0.7100425983856674,0.49948933697031483,0.17823179111959683,0.03509889280587194,0.023074169558392695,-2.406913475708485,0.9690394352272719,6.0845130721605205,-0.09995796580396199
196_910706,1.0,0.9860672096001544,0.9706807194203821,0.903206896111973,0.8579503916536465,0.7058932598072608,0.49838358448454284,0.17036108415332016,0.03315191145218562,0.022139089339264773,-2.39873973117885,0.9654092929934803,6.052969813390065,-0.10287895786347113
196_1330984,1.0,0.9858128002767451,0.9738091178999705,0.9080335406766533,0.8625644634744543,0.7106998337664029,0.4981674904013327,0.17842068253275034,0.03430007932676708,0.022619211912174152,-2.4013082906599754,0.9673269047727088,6.080227212534763,-0.10101322974707808
1031_910851,1.0,0.994571052238233,0.92851603993706,0.8214492119713785,0.6630517463607154,0.4405934614609226,0.2536895340136079,0.15096455362481961,0.07168464720807273,0.06503356784224928,-2.359845484292743,0.9872208759519845,3.762495900483146,-0.0453316534684233
1031_905990,1.0,0.9917718843817064,0.9278500825168292,0.8096093978236322,0.6588907818587972,0.42784238938895053,0.24290314352448616,0.1386834467656787,0.06955708977962098,0.06464058709826533,-2.428426349621292,0.985470687362955,3.792266835795619,-0.04180062785488305
1031_910853,1.0,0.9939376095222633,0.9216560373767856,0.8281449934370678,0.6777393048087729,0.44052892729341936,0.2606010061267778,0.1491464489950971,0.07024242590624423,0.06272338634722786,-2.3885189016321693,0.9834767643585505,3.86439074724077,-0.04460939388107442
1031_688001,1.0,0.9874192613921298,0.9361623785002454,0.8411409703151077,0.7060680647203439,0.46500667440213733,0.2641273034890198,0.1546921937805801,0.07728166559515082,0.07128846931907101,-2.5787053514106573,0.9794186982170809,4.2385262924180935,-0.019754713782507437
1031_908159,1.0,0.9953960847518637,0.9337075047173352,0.8331791728787046,0.682608636600377,0.44010384034279326,0.26550100516206354,0.1574268637667864,0.07903823891605166,0.07145973934808633,-2.477732030468092,0.9864557616429999,3.9572147327024223,-0.02564724705944187
1031_1299070,1.0,0.9902956271587118,0.9315302537099193,0.8347451443747985,0.6807372769077372,0.45127503044919126,0.24984803122452218,0.14971715416493472,0.07583073151373945,0.0684755615684459,-2.5525816441507994,0.9821472672261373,4.08162430979541,-0.02437894153604697
1031_908470,1.0,0.989693785798647,0.9284554437069237,0.8247903869486684,0.676271760061045,0.44953414625507043,0.24120879448018015,0.14163325058974063,0.07526296881873522,0.06920548990596886,-2.554351591435823,0.9807876959113828,4.052375141287981,-0.026309073300480375
1031_753584,1.0,0.9943040100894353,0.9314355843816148,0.847994333933137,0.6834825302712818,0.44722160027300273,0.25637696062615173,0.14533838585939138,0.07512199956313657,0.0685994022647989,-2.6375071558166647,0.9833045639573742,4.204671021900823,-0.017540841053294426
1031_1240147,1.0,0.9971379498407705,0.921654536403096,0.8235617523789333,0.6671695052993513,0.4339352935732607,0.24059199300601128,0.14680550740501716,0.07546522756090498,0.06935350419870798,-2.532433098700063,0.984155194411016,3.949936287773815,-0.026057137318631393
1031_1330950,1.0,0.9940867723567629,0.937146468566656,0.8362868879943922,0.6846321009597293,0.46385117974771206,0.26243964320348867,0.1618222027347557,0.07877483851433463,0.06961654415275781,-2.407720742631298,0.98624930338043,3.936438917609305,-0.0343192445373103
1031_906794,1.0,0.993736441398413,0.9308093650329509,0.8356258635768747,0.6761485169368701,0.4268386245771631,0.2488440595889937,0.1456312487080839,0.06937996087529456,0.06410121513339266,-2.6205338308594164,0.984201425930924,4.106155117105947,-0.022513113381220175
1031_1298475,1.0,0.9924043640474535,0.9278271628832048,0.8281502804468003,0.6782291187917465,0.44844744285870236,0.25373791939896034,0.15023989368416976,0.07678909169244559,0.06892816211589418,-2.4684721693171756,0.9831419799085838,3.9553409136427633,-0.031286750414344984
1031_908147,1.0,0.9894332071491941,0.9294143920439514,0.8369890311277263,0.692672264255933,0.46008164422005926,0.25447663477055493,0.1509093668032843,0.07643472851606142,0.06995700490636689,-2.5595096450286685,0.979624048694898,4.154249908832007,-0.02316099986250352
1031_906807,1.0,0.9900261083748374,0.9326681960359697,0.8344151140701054,0.6805564439337658,0.44640072473469966,0.23735589444769037,0.13693807647142966,0.07027623914993898,0.06456569555758412,-2.6672810285509643,0.9807100170375483,4.220730075337067,-0.021925503240395997
1031_905968,1.0,0.9889140711821529,0.9339343890511359,0.8426836484557061,0.694521107831043,0.45145852668218694,0.2512883617930627,0.14816932676539465,0.07597174759844848,0.0702776420144259,-2.689323654853527,0.9798583653334773,4.305112752253289,-0.012324385769315901
9_753618,1.0,0.9994008302885806,1.0116578840852366,0.9759762355630149,0.986573281585582,0.9260377222248996,0.8292806408842388,0.25538730451667313,0.024327224367905558,0.012139769261155162,-5.411888779519999,0.9854048842987102,17.36739727285702,-0.00020758239931659703
9_908159,1.0,1.0005152512445714,1.0194266217699968,0.9964392317558769,1.000613998910997,0.9759285505278809,0.9384236941815116,0.5558340476854945,0.04078766751934919,0.0271434486490854,-5.5744267817631465,0.9940238231089867,22.9648442515772,0.007249052920525205
9_909260,1.0,1.0052148492176247,1.0247565150000648,0.9957372408093584,0.9989476280333965,0.9734679247737055,0.9174781705711185,0.48668861697459814,0.042111499277354775,0.025403023131752068,-4.732500230914421,0.9974335261963115,18.489525218202182,-0.0035450680872885034
9_1327766,1.0,1.0049933711616446,1.0247742913216835,0.9912316987748477,1.0041159096279215,0.9952399192812988,0.9421011262755791,0.45531266949705035,0.03195935982542545,0.015434921233893348,-5.387873025248321,1.002001777375508,20.649673718563548,-0.0019911652897906316
9_1297446,1.0,1.0045447304687827,1.0089797506736788,1.0030626178072957,1.0099812278661255,0.987210080160195,0.9417034393218057,0.4987594414254893,0.04086971616789514,0.022675745505231104,-5.264286877392112,0.9999356940500642,20.802949092210444,0.0027510488081700004
9_907053,1.0,0.9989424861525791,1.0224760967722952,0.9776629193885612,0.9812540591575507,0.9760068084292609,0.8692168433517864,0.4773042172896053,0.040086318410246784,0.02604680665029806,-4.023834239219137,0.9908211299888557,15.529800869538947,-0.020004633300294356
9_1331034,1.0,1.0016258031552867,1.0101039697162786,1.0009637466802983,1.0053091645093264,0.9719266722731873,0.9025165365536609,0.44164297454773926,0.03549094564253097,0.021909959211824027,-4.645249259407002,0.9973171142744498,17.46664456608684,-0.007926635558172655
9_906765,1.0,1.0054096309607097,1.0096853361074634,0.9975666334506542,1.0065736811901018,0.9811208873741112,0.961302486383851,0.6127414482051781,0.04569315919136471,0.02542009285721607,-6.467523459032527,0.996019486418144,27.454468357939,0.016693176655672284
9_907323,1.0,1.0023072839584344,1.0163469010893658,0.9960252347388181,0.9896067050380831,0.9415933079666807,0.8615868267906359,0.46839419436730817,0.03162870282506803,0.01875415643643766,-3.869840345817652,0.9902683935740613,14.854392376495662,-0.032715740165342254
86_749713,1.0,1.0008048767328013,0.9753746253053047,0.8995005028001635,0.832881697407041,0.7805159294680202,0.5235381577416909,0.26007602682808106,0.05189581116021361,0.0481835781437823,-2.129508539641224,0.964970646417334,5.9427305774264125,-0.1040467315690717
86_907056,1.0,0.9982948972070851,0.9598021611212575,0.8883437951825908,0.8122082038514059,0.7197692935799677,0.4229679954563539,0.20292077813106493,0.048414985280243884,0.0446809411414949,-2.2627415240765565,0.9664610573461918,5.442033885650899,-0.08978426129198028
86_1330987,1.0,0.9973717667613559,0.9564766078152509,0.8993823496741463,0.8212809018113411,0.7100851131822973,0.4132889252550888,0.17790636326998244,0.04199097915600611,0.03839089093917389,-2.528819634013606,0.965587421239658,5.861447370276796,-0.07073262586947685
86_1297449,1.0,1.0018091674118526,0.9846870366507453,0.9062150902055178,0.8466166847391959,0.7729639179328256,0.5295240423057993,0.2720021721817753,0.05228026776708485,0.04499824641246647,-1.9886598652520986,0.971936221057113,5.687183915231371,-0.1255357865394774
86_907786,1.0,0.9986811943868422,0.9789113252899138,0.9319574867378995,0.852067196065163,0.7893860283935359,0.5386206117226028,0.3006597676422311,0.05704974738395955,0.05048066282300325,-1.9807241888040457,0.9740875150581003,5.807689948587607,-0.1192321089889437
86_753583,1.0,0.9997459572533457,0.9801535685691317,0.8898411808957151,0.8294230711956737,0.7757427249152841,0.5212288315372905,0.26304432284184154,0.053420990362098124,0.04968717091880357,-2.014811430132277,0.9656066982267932,5.687246103082307,-0.1177767971323387
86_924186,1.0,0.9963307831380156,0.9756413136189374,0.896747457279638,0.8143113873259438,0.7628972818532933,0.5269827260407531,0.28685457233660105,0.056228006157875765,0.048390912401853975,-1.5549344373320306,0.9707189468133967,4.856000610508298,-0.19870727381646328
86_907311,1.0,1.0001159121943972,0.9663284858163633,0.8918338692305027,0.8269277669316093,0.7420023261449046,0.42963719443630105,0.20079832207018752,0.0498246586023705,0.04544762502982611,-2.551416668164888,0.9644784950726538,6.094129211669908,-0.05990490131940861
194_753562,1.0,1.007552243469262,0.9983225925970348,0.989282448380008,0.8532806513569824,0.5308570590690328,0.19462451750890933,0.10449810650204279,0.07745224442692807,0.08238508946611327,-5.173235103489791,0.9993926357917857,8.655965998822133,0.0640746048695556
194_910911,1.0,1.006818579235326,0.9982907216517831,0.9903977564611838,0.8471793224492203,0.5350884397621202,0.2022655625098894,0.10546718645975116,0.0786162991282917,0.08361021771582611,-5.010403113767322,0.9997105467773609,8.402462772853623,0.06312632982273109
194_687452,1.0,1.006076716763897,0.9982801199550364,0.989299966381665,0.8406379161782732,0.541104468607041,0.20883103099927977,0.10574126620420282,0.07980324191530415,0.08423926881297412,-4.852882127293504,0.9993899382890985,8.168155716394303,0.06137465706183943
194_909249,1.0,1.0077291548307807,0.9998105564088581,0.990517858517186,0.8542903042681393,0.5641942091012714,0.21277550334977677,0.10469483837287163,0.08115648714539567,0.08523984995658478,-4.957909080920614,0.9988702350298331,8.499700139232248,0.06266249895773389
194_907073,1.0,1.0083232221983967,0.9985468666280287,0.9897943083471565,0.8457917293512388,0.5422431825181292,0.19580375676484688,0.10800276595717366,0.07947320731851008,0.08304203402122137,-5.039382653858165,0.9993119594777365,8.47095110769365,0.06322908358681864
194_910853,1.0,1.0058036326011994,0.996623811963885,0.9919138135665615,0.8471713887186559,0.5451254593723048,0.21800591199058758,0.10819264133532469,0.08119525851792285,0.08541725981852975,-4.838602672177132,0.9996150045992169,8.191381709075735,0.06330948278988748
194_906831,1.0,1.006282883961682,0.996845875531526,0.9890090296487202,0.8372652220585316,0.5397184647933765,0.2107129529545089,0.1073619117283346,0.0816185456519411,0.08564053913750706,-4.810303532109013,0.9992496530465602,8.08008023255557,0.06244977167619426
194_908451,1.0,1.0069744471048823,1.0002978064294723,0.9878100129631381,0.8307420373977145,0.5378977841714213,0.19923651755194483,0.1033373626267085,0.07881721509727095,0.0834944288143354,-4.830260866394405,0.9997230938149195,8.075512878903533,0.05898033708569694
194_910698,1.0,1.0061792693286742,0.9974605920625531,0.9893204380542245,0.843167768332881,0.5428407002684703,0.2092678679899241,0.1050585293232424,0.07983633278368395,0.08428429585107701,-4.879619314248127,0.9990390114531127,8.229917898009736,0.06163189733652654
194_753621,1.0,1.0083881914734534,0.9988121841429743,0.9903090675538907,0.8475737907013645,0.5308712053193952,0.20160155105118924,0.1083171347200957,0.08067125216808792,0.08457128404097143,-5.035465020074191,1.0004905441524445,8.410123702532614,0.06553226133614118
194_753535,1.0,1.0070603748794555,0.9963498043540276,0.9887347986488692,0.8546888014812349,0.5329327384501356,0.201097291757515,0.10473790650483455,0.07636969695366556,0.08163573451513811,-5.106336871014566,0.998922594585899,8.577293460976072,0.06303165125974272
194_749713,1.0,1.0068081762441,0.9989823969173833,0.991618244256248,0.8502509637475919,0.5411356312840815,0.20059544178033462,0.10301108900326296,0.07779011501024811,0.08247511520675903,-5.050522478974989,0.9996044883581732,8.510376316446349,0.06188519121529769
194_1298365,1.0,1.0071953408984502,0.9986561669298443,0.9902632115672833,0.8515025848531229,0.5593398778846926,0.20864294696253527,0.10668617325483647,0.08196433847546193,0.08578296312743862,-4.979811603698262,0.998512352860001,8.49391609714559,0.06395801455610443
194_1330935,1.0,1.0063917176920363,0.9969204457534432,0.9897627185881839,0.8369415025117529,0.5411372091133928,0.20997393983452517,0.10558143954903842,0.08077753484836447,0.08461137530039804,-4.806357251268076,0.9993241284096168,8.083150370957126,0.06107526602891504
194_1331032,1.0,1.0079045511884377,0.9991574507138624,0.9915343942940881,0.8568197574101061,0.5634984340973331,0.21272868909134104,0.10654161079349643,0.08230443160213567,0.08653229522171323,-5.002017143553881,0.9989904530246445,8.569202702187667,0.06482345483028239
194_1331036,1.0,1.00714654954184,0.9984042317771693,0.9912117904688884,0.8531418752643424,0.5597832867246012,0.21101281426106847,0.10675162866291486,0.08225722977174411,0.08616745261613741,-4.977993334421303,0.9987247057755119,8.499545850580239,0.06439529369133053
194_753538,1.0,1.0076486407263445,0.9988485186670125,0.9881853214987614,0.8522314612293567,0.5353427230926276,0.19406687958836402,0.10284573013166398,0.07680001821854181,0.08195591546762869,-5.150952541728865,0.9990004218770103,8.644149116270869,0.0625682982251633
194_908158,1.0,1.0080414758051204,0.9992815843283746,0.9886316152822573,0.8458194608917212,0.5472569662432175,0.19820999388841345,0.10756961356202362,0.07973703165403374,0.08329737409337495,-5.005377225373958,0.998975660446272,8.445797718274456,0.06266175821418571
194_906765,1.0,1.007141025185749,0.9990332873846541,0.9898341275857675,0.843083215912615,0.5427565225594305,0.1972705169524239,0.10549071359074623,0.08306980501658609,0.0866177474930367,-5.034780155078065,0.9989920794175194,8.45190427937705,0.0651222035594107
194_907042,1.0,1.006952813526565,0.9967819735840951,0.9914510138752824,0.8512489018803677,0.5546919859161971,0.21180007967282774,0.10442394596121261,0.08024763597921035,0.08365869952108825,-4.934936282901855,0.998760812472273,8.40901545015784,0.061833769912881656
194_687821,1.0,1.0063023033974665,0.9963001432006059,0.9915626448203092,0.8402635839923954,0.5357643837269562,0.2078092171285432,0.10710600372762813,0.08124679034375752,0.08544651102621774,-4.8898673319500245,0.9996544990993574,8.192500202981728,0.06360717592155894
194_908134,1.0,1.0058249585391204,1.0001940318612341,0.9914424769200564,0.8422600199681968,0.5369599639936601,0.21151589426237752,0.1053047793580742,0.0806600205603971,0.08501596993932742,-4.860556779599617,1.0006327450920796,8.160750804951949,0.0625145414421237
194_910781,1.0,1.0067403849727166,0.9976243488173933,0.983738924422898,0.8221327354055675,0.530922676785177,0.19587498107400578,0.10184885768967457,0.07905969442953385,0.08273370574281856,-4.77981848495216,0.9985677972600397,7.93808492882306,0.05759023017174811
194_998189,1.0,1.0083897989563007,1.004792740436743,0.9977910488899605,0.8631560119364249,0.5677938424263498,0.2034844230364645,0.11728009826138135,0.07990042544041721,0.08205530255675554,-5.1098963846732195,1.0016013028788173,8.761966338542177,0.06584744829363441
194_1240139,1.0,1.0068161976144183,0.9977704992009778,0.9902637616255685,0.8486898962211816,0.5588607277575499,0.21061869834199207,0.1066266836565018,0.08162613842702905,0.08552601351100415,-4.92180707906863,0.9983811563020487,8.393849180288463,0.06296014924888967
194_906854,1.0,1.0088601911819592,1.0009247947017517,0.988563695035879,0.8507982079896594,0.5567997072921491,0.19726651230315506,0.10739533113229001,0.0804380266647932,0.08407357733426661,-5.074072715886409,0.9987559033068373,8.618131113005852,0.06355304611141745
194_753579,1.0,1.0060119534138492,0.9983060494950079,0.9883101377567312,0.844797811114088,0.5492895357059773,0.20579053010011358,0.10498334380021018,0.07969474953308854,0.08364725488370024,-4.920695891815786,0.9983527186428355,8.332405887360201,0.061288144059609286
163_907281,1.0,1.001665183487918,0.9419696034637773,0.862976847342734,0.7567550174106034,0.5623258166608518,0.3469873790100526,0.24300549811943925,0.11317583707687418,0.10176849276399806,-1.942972549921784,0.9869848595793689,3.818144246815139,-0.04957285628851062
163_1240219,1.0,1.0017906493879851,0.9412302505351868,0.8613811441595773,0.7556487901275947,0.5610109024961246,0.34646575812103597,0.24200636409797008,0.11299496570265828,0.10155638376061714,-1.9336681713818218,0.9869848416888806,3.798479610101522,-0.05127743384652219
163_1298222,1.0,1.001522859690555,0.9400876290315036,0.8607134654331113,0.7546979487658437,0.5618304915497941,0.3464213548908626,0.2444670093261649,0.11361399733709888,0.10253902807111855,-1.9157276404694772,0.986840458402604,3.7736654111023196,-0.052647236775524284
163_1331049,1.0,1.0015676221464755,0.9401477920853477,0.8615702299751401,0.7537306179448903,0.5600414686448892,0.3434763933122987,0.245521283218565,0.1131332551539863,0.10214025517191838,-1.9317719265787103,0.9870306097110613,3.7834470903056867,-0.05029538179084759
163_753534,1.0,1.0012590814080462,0.9402424097631427,0.8601973905899487,0.75405917460632,0.5611829049349434,0.3457121418173807,0.24369325956819513,0.11333207534761662,0.1023833092608149,-1.918518382014245,0.986795134742701,3.7729974438272142,-0.05252431432091553
163_910942,1.0,1.001205422716945,0.9397286841014504,0.8597134570919,0.7529558126800132,0.5599976962796813,0.34413692641756927,0.24433897588510725,0.11312396282560677,0.10231235777146001,-1.9175170918873112,0.9868351202726556,3.7633818508398464,-0.05256802459324197
306_907281,1.0,0.9970505135005087,0.9307535742628907,0.8608175036173901,0.7245881807757284,0.5458551239484931,0.260766396529484,0.11383400569744469,0.03870742979409962,0.021027116966539416,-2.409667026070379,0.9747240249616191,4.46088554762373,-0.09324321288121455
306_909702,1.0,0.9970662289638444,0.9305271671729801,0.8607720283358348,0.724929473233837,0.5459009223836911,0.26090931957290314,0.11370567878117543,0.038650260573847135,0.02092987178898636,-2.4108113068967443,0.9746072561172556,4.4643275103448925,-0.093227526892611
306_1327775,1.0,0.9969832292876658,0.9304449637314156,0.8604213002203357,0.7241790017994519,0.5453704347198207,0.2604684468716639,0.11359450507521884,0.03872016817342016,0.02101182597703931,-2.4082970282473113,0.9746532166529893,4.4561185279857165,-0.09340697426517619
306_713899,1.0,0.9971284813403974,0.9300022552536268,0.8612102660967871,0.7252089748577718,0.546210728979446,0.26056918867851536,0.11313571495446632,0.03798398504629983,0.020619136447981457,-2.417772472470734,0.9743560700184866,4.477731299988911,-0.0930602259865322
41_907281,1.0,0.9987291474034897,0.989356535922448,0.9786476610734053,0.965090711080634,0.879740877283009,0.5706839848497047,0.15278311200176767,0.10666699658479561,0.09719269643067145,-5.400980606709618,0.9820528491040177,13.503639722633842,0.07944866601340954
41_905952,1.0,0.9987113512574579,0.9933766170451507,0.9787659496026434,0.9651377380248806,0.844362151623332,0.5311939056632476,0.15819420087131983,0.10321118171027603,0.09743385123064084,-4.668882048322901,0.9865664652745461,11.234271837912344,0.07024052518976451
41_909702,1.0,0.9989632510007361,0.9912731706995923,0.978634687329794,0.9650796667304382,0.8736647391847833,0.5562158467040481,0.1573877813727291,0.10559889955208657,0.09782576606808983,-5.1624108390369905,0.9839182460018346,12.75379881897923,0.07782549341034253
41_910934,1.0,0.9987153252955232,0.9900898768284606,0.9790449117927945,0.9661316029725299,0.8740793254944972,0.5704405603828501,0.15167235346372931,0.1060515331167594,0.09692859403968819,-5.294181166720332,0.982407849457405,13.21880549634941,0.07737205380850337
41_907789,1.0,0.9988504682809122,0.9907901011329722,0.9784322295861104,0.9653121463136266,0.8588278796034078,0.5467302876719503,0.15430791450309145,0.1051613549438289,0.09756033450358187,-4.937069576885299,0.9844099534122778,12.064772311409127,0.07395088359559317
41_910401,1.0,0.9976997712099059,0.9827036918944074,0.9780555227150711,0.9687002738221778,0.9040261688775654,0.4952025165316139,0.15123028029268062,0.1059864655688153,0.09910396926518868,-6.062792238605693,0.9850982064970466,14.409986168494045,0.09165304074019877
41_687799,1.0,0.9979885651166874,0.9854435392011688,0.9786038066629263,0.9680063450515021,0.9015747718569012,0.5385318783039962,0.1544064773312624,0.1053178080077349,0.09749091892183963,-5.790737553615857,0.9841014413071194,14.193627212703785,0.08623939681055934
41_906800,1.0,0.9981135006758716,0.9855547001500072,0.9789142397235855,0.9685048849004804,0.8982296330285298,0.501599673542792,0.14881776025628551,0.10491106497003916,0.09768036986512545,-5.900936477638716,0.9855191262510794,14.072493879428551,0.08804229053673718
41_1331034,1.0,0.9986628831275052,0.9892140356409199,0.9785888257514616,0.966374573881181,0.8794194380035125,0.574787844317191,0.15106449560682791,0.10624625430201003,0.0976540888279152,-5.449344486282046,0.9817357264030914,13.662507169184595,0.07949272595316645
41_1290455,1.0,0.9981624707394671,0.9829115758459189,0.9792789454469487,0.9726368173318747,0.9090123478442536,0.47659468860877513,0.14671458259628756,0.10430351548048837,0.09802392778315856,-6.335797530882822,0.9866095723237982,14.885341469932357,0.09282704320976701
41_924247,1.0,0.9982333241590776,0.990629034411379,0.9782617960598597,0.9665431003358999,0.8971574493187938,0.5938656486445603,0.15256830461395918,0.1071885024424537,0.09744172987247122,-5.934094571633968,0.9809518543571142,15.117050368321406,0.08492376905858073
41_908156,1.0,0.9981243958782008,0.9844646076787811,0.9790280548651817,0.9685672901190658,0.8952059951085616,0.5204490614727167,0.1447500578206705,0.10498615863852705,0.09696452245407755,-5.836030490067746,0.984241300556013,14.100101800638049,0.08503810557913016
152_1323913,1.0,1.0004878401891253,1.0209473368248707,0.9419745590169569,0.9001650735610105,0.7247410409986889,0.5208883138646923,0.25102858921934906,0.08942672993582952,0.06893641692070675,-2.228121904714554,0.9953743829078175,5.686970960692874,-0.06156939293015794
152_1331033,1.0,1.000735789047569,1.020932326178436,0.9464720554391909,0.9005851541192698,0.7243553288340455,0.527034981530815,0.2632106815626137,0.08371836716156651,0.0616234499020119,-2.087062223709208,0.997114062279131,5.5040358965248055,-0.08628702389724174
152_1327775,1.0,1.00068245244428,1.0213888111882279,0.9440209509598105,0.9005149727192587,0.72769087579191,0.5241364345895444,0.2578864741364511,0.08806618772877774,0.06732601193883832,-2.178142561679416,0.996032050270798,5.637143491017979,-0.06900569131273944
152_907783,1.0,1.001801494964801,1.0233316564308137,0.9410865607409042,0.8942132358914116,0.7179720018051574,0.5104501849582935,0.24712974768337848,0.08747991034366016,0.06661509110198828,-2.2009326464674897,0.9969654513728561,5.558990062983552,-0.06689337959710008
152_1331036,1.0,1.001821243384748,1.0229365605745444,0.942546092227165,0.8965463355585976,0.7180132098443298,0.5130040863544781,0.24915410775594873,0.08477361484325659,0.06425783731168405,-2.1828568108446222,0.9972458225199564,5.5539191529809555,-0.0718075099047288
152_925345,1.0,1.001380612644707,1.0193500542194296,0.945841835283082,0.904959815362611,0.7284245899541265,0.530518915543391,0.26638387601149804,0.08930065169933855,0.06731556914002411,-2.1295440326887896,0.9964474431186032,5.596870438013841,-0.07421843143180115
152_909252,1.0,1.0014826619205281,1.0250605043059506,0.9484237766006091,0.8960714351161051,0.7157965042514581,0.510629571536822,0.24496928187490796,0.07816766029648195,0.056311406008972054,-2.169071528779706,0.9990148869571116,5.530909307880244,-0.08213057710522934
152_688026,1.0,1.0012938611872098,1.0240953731007683,0.938593909633681,0.8940525908332969,0.7136283462742167,0.5059941057858258,0.24441930927389857,0.08625667860503496,0.06644390072611554,-2.2121852222874647,0.9969037468965809,5.543685641492575,-0.06594187372705482
152_1331037,1.0,1.0028560231404209,1.0187180394757858,0.9497255213649054,0.9016071775781646,0.7249847793424594,0.5279647848846954,0.26273617801022486,0.0821899194788751,0.05988013396002598,-2.0905303215899416,0.9976650366752513,5.52167964580795,-0.08787144301004335
152_909255,1.0,1.002291164738195,1.0212880996217182,0.9429194893011897,0.898945267979362,0.7210397426803631,0.5151715620704987,0.2513728071234232,0.0909471008371313,0.0699246515707681,-2.221043308474574,0.9967514574144779,5.623938029025754,-0.060579484086524193
60_907073,1.0,1.0044492468759694,0.991831489413657,0.9901417915282931,0.9385772530221527,0.8370533757754736,0.44571141323582025,0.1609439914947739,0.07787752434215708,0.07695731708740117,-4.691364863312985,0.98947589952376,10.704695286847494,0.056717615244165874
60_949156,1.0,1.0028953362665345,0.9801497776840842,0.9799304430455787,0.93641067209266,0.8513987228195657,0.4485387579173647,0.15012426837894452,0.07188834647208778,0.07310709665193517,-4.997984512765818,0.9829768429503913,11.52793453834848,0.05565230484314941
60_910921,1.0,1.0034493988803206,0.9820392402941112,0.9813718629990591,0.9466160688613742,0.8599580736585578,0.4410060572911852,0.14509315080307103,0.07987146489269589,0.08171301447676929,-5.360679995772202,0.9849382119698759,12.25308217483432,0.06740116844062213
60_910688,1.0,1.0013853078211115,0.9747900587274612,0.9776405070865817,0.9276802835921996,0.7939193708503814,0.4232681904084234,0.16249631701477826,0.07183301388178132,0.07252881665542252,-4.297266530163553,0.9834187680510116,9.585797931287884,0.04559256838677699
60_1330983,1.0,1.0042469010919837,0.9689290819149212,0.9528357620992264,0.915815006951313,0.7785255776326429,0.3650599983112451,0.16892526025277677,0.07744260073176391,0.07800640270074552,-4.71893262029025,0.9765088529850824,10.03883034073251,0.06425126079228129
60_910544,1.0,1.002043155232342,0.9892013012627453,0.9845445450640353,0.928758918058636,0.7446509307955621,0.33610661904628025,0.12132574561344618,0.0811747528149135,0.0827975341511738,-5.068746807556782,0.9890781726915355,10.301717912581571,0.06429835676005832
60_753592,1.0,0.9983391731080785,0.9826455629911384,0.9861629676471204,0.9503498663790717,0.8685150612378858,0.42640419938122887,0.15256287052369197,0.08347068178101946,0.08534432708162004,-5.63126055804717,0.9859325698472112,12.750258029730421,0.07640304705274881
60_1331034,1.0,0.9993229839117173,0.9907768204984372,0.9864699537157854,0.9309113218095897,0.8437289519439656,0.4840560895095125,0.17294579452590453,0.09351715958027491,0.09309370992087823,-4.5739577602208765,0.9850287494649784,10.700002734412745,0.0682415779078869
60_909703,1.0,1.0010578622354236,0.9911843321319194,0.9714010152452635,0.9110766437020498,0.7712148945994063,0.3428634494847204,0.1181485382603511,0.08416774804672643,0.08853411451378645,-5.3127162855489845,0.9817301161807152,10.98176582905656,0.06943483897607902
60_909732,1.0,1.0039654000773597,0.9847310602223577,0.9856940920454207,0.9665806419791698,0.895540545132307,0.46546075138087223,0.15199629191939404,0.08471782188695497,0.08740978730064504,-5.799091273014626,0.9893259999972366,13.548444351280507,0.07750352342342133
60_1327774,1.0,0.9992314519418586,0.9852303003549543,0.9861016367382457,0.9629784669065603,0.9094042396113734,0.5141259648899186,0.18096280976511206,0.08438763990370342,0.08828548051867602,-5.36777386207052,0.9882845086650242,13.059785902440193,0.07612660779483071
53_905965,1.0,0.9999425464123424,0.9975526202804582,0.9711770235668765,0.9378712841149092,0.9187279156328193,0.7256363929077264,0.3051132045334582,0.03146753286507926,0.03473824502065153,-3.8423532130387197,0.9781861009264365,12.079817472452884,-0.01249098500644185
53_910545,1.0,0.9863458294680768,0.9924307474141276,0.9551811111437895,0.9436784943347755,0.8698930446260181,0.6876205462826559,0.27628993656837003,0.03254319933867864,0.031757303002093916,-3.5737307808754926,0.970835593455867,10.841113192584281,-0.023233447020605886
53_910947,1.0,0.9984728641526429,0.9954465378897592,0.941210601104018,0.9336729069917942,0.9378551895671884,0.763733775514086,0.2975973441122626,0.03711646126633576,0.03934902975985313,-4.450596960463822,0.9712407706017943,14.18186322315939,0.007957954843500143
53_910906,1.0,0.9900204502146267,1.0040338969596578,0.9682037834451226,0.9595232678408051,0.8844685601829907,0.6918975330060854,0.2870146741578737,0.03614560198658103,0.03766385806316247,-3.569246691909761,0.9802554028929696,10.83513045253177,-0.018054053168760475
53_930082,1.0,0.9896095862921283,0.999491844669684,0.9582705796018626,0.9584122942107465,0.8735367033445804,0.6976901154861636,0.3009940563012093,0.033423099989263176,0.03793616885469352,-3.4202707558406145,0.976281421109418,10.570857217236192,-0.025478255791339534
53_683665,1.0,0.9890234508278942,0.9795078945197725,0.9425933505380737,0.9101248638024364,0.8394355758611679,0.5464372450133053,0.19383088458089973,0.027629294182690476,0.022160062302208055,-3.599870428319683,0.9678031669004629,9.481195202226422,-0.0261977437554192
53_909703,1.0,0.9947524562616992,0.9948859408774547,0.9596263960509855,0.9582899952896261,0.9010312546698565,0.7050014369322645,0.297511007932934,0.031695828044618575,0.02862094877954297,-3.6323724832607645,0.9780113583089936,11.278632998454095,-0.02310964197287711
53_924247,1.0,0.9870333173760099,1.0136986486462867,0.9783904823475806,0.9868100761963673,0.8707052721749964,0.6801735939888404,0.25109669796140255,0.04733708338752043,0.05695466149228734,-3.88213025076866,0.9869362811958083,11.19791561609309,0.008208006731486741
53_905958,1.0,0.9926429359085874,1.0028616698137716,0.9620465421949786,0.9598574490077159,0.8646199091447194,0.6358077324270771,0.24324866717351423,0.039273966299450284,0.04256734327236694,-3.610939331020613,0.9814913744765249,10.211278014723382,-0.011009147421850423
53_1327768,1.0,0.9909586391324652,0.9885799868155347,0.9375674469445111,0.9462806918740404,0.9138347069031924,0.7082283134633242,0.3013612135434394,0.03758274378538486,0.04065233303023826,-3.8333755113061434,0.9704533915030976,11.907894817391682,-0.005295155480399552
53_909975,1.0,0.9981800661040389,1.003280004222891,0.9936826294184566,0.9734965626789732,0.9359312624240316,0.7369350969423767,0.3403140799320079,0.04452005631185494,0.049701210287305064,-3.6589914687423684,0.9912671783361401,11.695568013210053,-0.004284100847565481
53_910942,1.0,0.9957899552883821,1.0043610473614335,0.9628801940954984,0.9707140737336827,0.9276147005101861,0.7571778960502925,0.2975127865616485,0.037255286440543524,0.04385942462673733,-4.297283714250253,0.9818614549182977,13.526221323828562,0.0071636327030041354
87_949177,1.0,0.9996502073110376,0.9717133956615903,0.9520418522891793,0.812624457562579,0.5202470679953778,0.2439855050215299,0.11391180825745902,0.0969669849448176,0.09872113029554247,-4.3697445837237225,0.9863930207373527,7.2695248996242015,0.06955553906939183
87_907794,1.0,1.0006713169545554,0.9716886317961307,0.9566599696753708,0.83622611111986,0.5429122480425624,0.2417218640073612,0.11255185081662256,0.0921995603852442,0.09658221143230665,-4.58522099238592,0.9853084680425739,7.80247616527634,0.0697135227310273
87_907789,1.0,0.999724988968483,0.9712250098559578,0.9192297364275493,0.7376146759034902,0.47032107380757604,0.22651306709830007,0.11198478582415161,0.09874058764496318,0.10120419882572758,-3.9216177848219216,0.9875868517735225,6.107305626843512,0.06093799181036005
87_1330983,1.0,0.9990791233815113,0.9770402102906397,0.9600491122363782,0.7541440019055873,0.4010661952972155,0.1660295897150762,0.09583433575178639,0.08207901771037214,0.08682335720868677,-5.156545777190777,0.9920069318682804,7.704889590678586,0.06926462086157117
87_1240193,1.0,1.0018705105561552,0.9751426728664394,0.935377159380875,0.7480056903659604,0.46129380438947426,0.22530745431812838,0.11224188641337451,0.09647529013462468,0.09896060478387685,-4.118602541079214,0.9909427463040748,6.39624282479214,0.06542867175762736
87_753531,1.0,1.0019580805638946,0.9696470893678321,1.0005239324368567,0.8480967536990206,0.5201683256679788,0.2379273789982367,0.11647041580021615,0.10113560060421196,0.10608987228561663,-5.004074894380605,0.9949464488653947,8.314207864565168,0.08664999245844124
87_949163,1.0,1.0013790287911961,0.9883634461767171,0.9977494930054696,0.788456214255849,0.37540337328081747,0.17627220112850994,0.10887889663723273,0.09218726282512929,0.09587498885214311,-5.9923900991425265,1.001630710718473,8.869886478669917,0.09136465524360868
87_909701,1.0,1.0000494868424248,0.9766504599015865,0.9681876665295346,0.7979951996286543,0.41524073773626013,0.18954657499954478,0.10580875641212094,0.08963749507654777,0.09243923749610305,-5.4009414458611555,0.9921364163972208,8.264874317270003,0.08158634728325127
87_1331034,1.0,0.9984935615985119,0.9771377081960656,0.950182828523117,0.8371773740276055,0.553548984389045,0.25898993355611727,0.12285797318521095,0.10357133300464784,0.10592262340502061,-4.445889210055884,0.9850675047993336,7.617541653810218,0.07761376526307671
87_1327768,1.0,1.001033213258565,0.9771245980159633,0.9402479898005427,0.7628885630744385,0.4387343812565628,0.2082043769005344,0.10762732399736159,0.09476403724276901,0.09731019895876913,-4.565398926555207,0.9901461339877036,7.006862020569131,0.07287879277629881
87_910546,1.0,0.9996551151543421,0.9728357394223557,0.9536842557968175,0.8213690335022884,0.536687475107502,0.26435635689653547,0.12253081315292368,0.1022398155643141,0.10517912015669185,-4.251973015656527,0.9868930322619001,7.190278761095706,0.07378595546355345
45_905965,1.0,1.0002285543634375,1.0285374569199803,1.0053197937745908,1.0099823965666153,0.9870532458431086,0.9785307219371071,0.6186158556016145,0.038612287673632145,0.02726534490179398,-7.507993819846407,1.002138431044358,31.61913770633926,0.021949543442348094
45_905952,1.0,0.9994396549851778,1.0218657359789816,1.0037540333436856,1.0000342140686838,0.9822423788871206,0.969974079829261,0.5676845137879222,0.03950697780906132,0.027959636761586883,-6.811309694512785,0.9983485597145546,28.03610928707264,0.019365622248028076
45_909756,1.0,1.000512709653885,1.0304906241945169,1.00511009463765,1.0057434676929558,0.9903329376881574,0.9847393975259932,0.5941320794885145,0.04077943968145345,0.02948516161503062,-7.537482750376482,1.003278774431913,31.29549570802921,0.02483921567045523
45_907043,1.0,1.0014933085135151,1.0291168743933305,1.0057137938598693,1.0049473280830827,0.9897245148363022,0.9850333275722839,0.5973135854959227,0.041005166746668466,0.029190198637594336,-7.542337873457687,1.003127725520198,31.37056890974715,0.02475904208039123
45_1331035,1.0,0.9996127212885573,1.0219936731363832,1.0048898835969677,1.0065634936166152,0.980873982794312,0.9714789523956161,0.5904328686962503,0.03740588620069737,0.025952384232777227,-7.0559025694175865,0.999108131920111,29.390579974391336,0.018448337941157817
45_910921,1.0,1.000534430839483,1.035147028429523,1.008497752895165,1.0030938948626027,0.9811384703982119,0.9719318487210659,0.578228941806324,0.0413469637399437,0.03056277360317076,-6.858466716469891,1.0015338711817008,28.35023115093527,0.021744402676658947
45_905984,1.0,1.0004413887142338,1.0319780003669201,1.005639203844128,1.0054663954930592,0.9839050138636809,0.9763737298925402,0.5935274704193009,0.040527185702575776,0.028936396528184787,-7.161284847125156,1.0016482887322489,29.81418073188349,0.02220242052180882
45_753565,1.0,0.9961402320745701,1.0422897909440485,1.0167854582277132,1.0031823175627084,0.9482750969784356,0.9620807450583523,0.6193931441425777,0.04061608077055375,0.029267128325584705,-7.063855276922569,0.9965516883069154,29.91525869707042,0.02111742631954506
45_753546,1.0,0.9986076874580085,1.0386623340544319,1.009215756297734,1.007744139374468,0.9743613645264929,0.9720607577481676,0.6087917318102981,0.040494342783279735,0.02863945714331841,-7.115910365074055,1.0011399754583052,29.89765974950675,0.021360545138193007
45_905964,1.0,0.9987673195608565,1.0255709104389414,1.0032312139377817,1.00228326854102,0.9818406509368535,0.9776404308139571,0.5796273076399987,0.03942876254096775,0.02840357441179078,-7.2687458135608685,0.9995791348893804,30.032550650459477,0.022362895293189095
45_907067,1.0,1.000452122850397,1.0384429898859944,1.008821958435017,1.0067921411283312,0.9780046489649455,0.9710317977844379,0.6016702526792442,0.04125578638729986,0.029549473773396614,-6.977194821901132,1.0017089047891938,29.21571970943624,0.02142105808455602
45_909732,1.0,1.0017946942807867,1.0322604067200614,1.008954059980834,1.0045926545268096,0.9904055223811099,0.9827675441487816,0.592026848406504,0.040908847331667816,0.029436982221350733,-7.358983991108332,1.0039523546755356,30.54678252713237,0.023914884331598475
45_1330981,1.0,1.000418664781352,1.0274834937458202,1.0051068959405944,1.0054082142875889,0.9900195406962284,0.9847440451593256,0.5943639085499846,0.039674405443292794,0.02839600809511893,-7.58012271949825,1.0027144653600228,31.481451004949303,0.023944906770329857
45_1327774,1.0,0.9987110878335189,1.0314719768944143,1.01283797054364,1.006105777962752,0.9797104900328301,0.9812175786694244,0.6038894138788858,0.04107077294194323,0.029361587958846608,-7.44517718377715,1.002296694115774,31.10367648200349,0.024208461234889875
83_905965,1.0,0.9850987822001599,0.828120628932695,0.6892220313124137,0.5508385788197255,0.472931442330459,0.2871382047597471,0.20923991699232924,0.13184749398782114,0.11468299561445376,-1.0136929155561627,1.0090575905515007,1.9331073504704817,-0.24071769197922196
83_1331034,1.0,0.9854461312805048,0.8285115802070168,0.6893576189220205,0.5509962198905667,0.4732707034915649,0.28664856722789295,0.20928195380653605,0.13173079962024362,0.11455951798404035,-1.0165214145154537,1.0091303326709749,1.9358656985586054,-0.2399626623186413
83_906844,1.0,0.9858457106222801,0.8263490464065928,0.68688091845023,0.5483041883975958,0.4719311637188903,0.28552564685656984,0.208816755773961,0.1310080809505445,0.11384432683659162,-1.013024165333388,1.00970913187811,1.9237098723337998,-0.24189981021485915
1012_905965,1.0,1.004294429808204,0.9952119058528105,0.9224065870241995,0.8139896390517277,0.6230019059928974,0.35441742523886677,0.17066167483780048,0.08131805074532303,0.07241750452224205,-2.7278906152338274,0.9920795852053557,5.37682560550664,-0.013148935606447563
1012_905952,1.0,1.0032000113275952,1.0189516036515673,0.9339236008420153,0.8521342978378975,0.6408985199472995,0.3411514210172964,0.14835125450872913,0.07777889864362754,0.07090232832423755,-3.2902036661493153,0.9945416702225106,6.405533559173937,0.014874347994526894
1012_753548,1.0,1.0049172247044351,0.9881669341647129,0.9334003216723397,0.8067438113077362,0.6256757036936917,0.3312867965191316,0.1437674104497079,0.07790226242483383,0.07174839620938027,-3.023795083310401,0.9892293147630857,5.802778815473111,0.0004859886356397823
1012_1503361,1.0,1.0031494762128146,1.0040586237488975,0.9362626132639077,0.8091934003331073,0.618831407797384,0.3359563704968364,0.16427486701370939,0.08286497588489197,0.074424391490379,-2.9041070520400645,0.9958524108509907,5.561019990112631,0.0006328541418093892
1012_1330982,1.0,1.0035857998706506,1.0145973461910947,0.9407823607193432,0.8397167184840523,0.6637395699462677,0.37267284689236196,0.17215301926746784,0.07976641453537435,0.07167017821297125,-2.897740428999307,0.9955138349402209,5.905389829857876,-0.004410140207611467
1012_907043,1.0,1.0030309225397467,1.0068399880031682,0.940941843088735,0.8396030969593514,0.6595797473532975,0.344500679525845,0.17101405339040085,0.08607806891900416,0.07348556415486535,-3.139837095150672,0.9925040817500217,6.212099434330753,0.014932301830960759
1012_1323913,1.0,1.0039317897778606,1.0036061618995487,0.9387333710379883,0.8316977072576898,0.6591911923666945,0.3424347437044224,0.16038879481386853,0.08468449941760148,0.07305593183367178,-3.1431780864519965,0.9909556785352938,6.201294150715645,0.012131973275429812
1012_688027,1.0,1.003490361347973,0.9966182099484205,0.9607103511923087,0.8271421373389459,0.6771286982029906,0.4487809839373944,0.14526665305482725,0.05774037379072796,0.06941665504939881,-2.612921160055855,0.9914245819060107,5.742309518731977,-0.04441383417382747
1012_909773,1.0,1.0031478658848734,1.0160005581301264,0.9393203927362571,0.8349213844498986,0.6320226819961237,0.3340681865704685,0.16260132274821149,0.0817999350945907,0.0721600866427169,-3.127193709035141,0.9969533737974572,6.024515227531524,0.011747597003556903
1012_908471,1.0,1.0033152698795884,1.0073261504090112,0.9433603319455418,0.8432136383546647,0.6677633516062955,0.35095757642854836,0.1724969354868999,0.08678936700400212,0.0739405500296782,-3.145703582654279,0.9924868280360328,6.28166554187317,0.015549309351652236
1012_1331032,1.0,1.0031251848207041,1.0205238048048935,0.9452603967463585,0.8475978725104557,0.6699400145286397,0.3775476489032423,0.16808047114177196,0.07979005781847626,0.07110974515881024,-2.967869521092651,0.9967933547368251,6.072914031719548,-0.0012539624314484763
1012_910861,1.0,1.0049214979582546,1.0052738309352602,0.9646810684315215,0.8091889114987464,0.6351012563752333,0.4178911822367435,0.23311847841689257,0.07407095267060802,0.06963357237521839,-2.097414030963759,1.0060530372383512,4.619074336469632,-0.07490044219799037
1012_906844,1.0,1.0034234978781953,1.0068723311292034,0.943117229377603,0.8348247929105262,0.6646235103589515,0.35704633830145566,0.18311892674341532,0.08783214233830157,0.0753979494823825,-2.9592899035330777,0.9939883662270431,5.946640645569176,0.007480630077137603
1012_905958,1.0,1.0026676672490777,1.0203773966985814,0.9299831076050241,0.8451306643369327,0.6496114951728597,0.3495438724609272,0.1565972430946946,0.07978777940376466,0.07076104966746037,-3.1272173456532024,0.994351908998514,6.175085589029487,0.007697358043429406
1012_908156,1.0,1.0043804617258376,0.9966888739524161,0.9273531548712772,0.8245444816242745,0.638714413556852,0.3600576707072976,0.17606628476733968,0.08200916670275384,0.0726647424922583,-2.782413639288781,0.9915913856406178,5.564013550683304,-0.008556106621460459
1012_1327768,1.0,1.0036073006487334,1.0069342902740406,0.9232286695167332,0.8123554246576526,0.6224348221562116,0.3519077467228881,0.19184502376654444,0.07890463973535548,0.0708064570208805,-2.592220693952229,0.9971347327007943,5.145118595446568,-0.022396495617372465
1012_713899,1.0,1.0040778869857556,1.0160457628513095,0.9502327536647512,0.8618057305137395,0.7362972811003421,0.5019571433921712,0.2783185945074737,0.07225096611906731,0.06876046465697888,-1.9541959129172484,0.9969431640930368,5.179546305962526,-0.10291128341895385
1012_1297447,1.0,1.0037395482853706,1.0033025712721861,0.9388311463356223,0.824520889584545,0.6496530608555039,0.35461331866378565,0.17685647968458987,0.08303852523781714,0.07303259417536036,-2.8652296150359855,0.9939418274022025,5.714860698989806,-0.0024045028727169167
1012_906808,1.0,1.0031601710434837,1.0168171083779896,0.9516873270915244,0.844886085988335,0.7046284969943657,0.38071797489818215,0.16533858268338217,0.08292096329127083,0.07207491726416232,-3.12018087211543,0.9927149229517493,6.501193971938548,0.007333656558978599
1012_907311,1.0,1.0040787214390736,1.01721352845227,0.9275609507486143,0.8226784136988807,0.6642048487720217,0.41249712941032857,0.19900145594441968,0.07569812626472561,0.0700717657824169,-2.3024823499669846,0.9981495898334648,5.027475484675478,-0.05674069385705776
1012_713869,1.0,1.003857736540188,1.0144935977607654,0.9886960964406816,0.7899558179232047,0.6109646851460009,0.3325477885437852,0.1561403293579697,0.07772055318620356,0.07135077684422207,-2.960352509774624,1.0085606827683273,5.548129595578168,0.00020973807941096096
1012_1327773,1.0,1.0030644129018642,1.0162926599550446,0.9336062432281761,0.8428545814774022,0.6605398701974976,0.3494287725280958,0.16096318551005137,0.08005168981719406,0.07083304335830296,-3.132245562006576,0.9931614281904123,6.231505548651048,0.008394768442038889
1012_1789883,1.0,1.0034737068924935,1.0130974977886593,0.9451047775163133,0.844071903790485,0.6714102409836743,0.35792467811029516,0.17395370803641672,0.08688895592686922,0.07464453982896473,-3.0967081046141303,0.994413844583745,6.224868770773642,0.013001759709060284
1024_949155,1.0,0.9998247238973962,0.9351443983047057,0.806051889323513,0.6235520151891788,0.5156240175109804,0.2919702705940324,0.1893979735546377,0.096681130073461,0.08789633322573963,-1.6973490237598419,1.000581774975221,3.0022351181207565,-0.11042124890033328
1024_907043,1.0,0.9998853187631016,0.9357630680958362,0.8058657705659215,0.6207952892840977,0.5116999541705849,0.29046765302635913,0.18992341260543125,0.09692802797501561,0.08821889982174196,-1.7201645520749433,1.0010210902232535,3.009069126582265,-0.10531272166339088
1024_909716,1.0,0.9998855666377127,0.9363585268076573,0.805528966649076,0.6214418530568492,0.5123457086105024,0.2909108500948368,0.19033236611468804,0.09691730350765215,0.0883432040377458,-1.7156039966227763,1.0011155203346234,3.006573284473411,-0.10606906558370333
1024_1327766,1.0,0.9999178514608107,0.9372573278535329,0.8077581828568458,0.6243252318876592,0.5162978667239139,0.29305338149202015,0.18876249353373167,0.09612459525089884,0.08724718591160456,-1.7045393811011569,1.0008022128457237,3.0173239023814804,-0.10990054437277004
1024_683665,1.0,0.9998268123576414,0.939664786231491,0.8103898296650156,0.628009223400034,0.5193309882430301,0.2933199490620119,0.18680825321635744,0.09487157801936068,0.08596152440507826,-1.7172951063940252,1.0004322355343842,3.0524525857638785,-0.10969871027602866
1024_1295740,1.0,0.9998136372645249,0.9384430035677286,0.8091497483803174,0.6257638709557324,0.5174067028267056,0.2920197167869885,0.18670381825204382,0.09504525118807045,0.08618440674178922,-1.7193033011421772,1.0005033591014303,3.0424023225578187,-0.10890804469939104
1024_910568,1.0,0.9996881517760646,0.9368605747342406,0.8071695301497611,0.6237998979012829,0.5151969496640576,0.2916584549550166,0.18850085406726982,0.09598484526495481,0.08733661158735127,-1.7128755138614287,1.0006396813533938,3.0209904134543635,-0.10831974309666663
1149_1240222,1.0,0.9991136643211794,0.9959566294400498,0.9184546120823932,0.7152578394108091,0.4402018401307419,0.2295603885328016,0.14692249387730552,0.10508305591533644,0.09257666067134185,-3.782324422005292,0.9991827057072888,5.6842048082581975,0.066491006228712
1149_1240169,1.0,1.000171325909703,1.00113795604339,0.917140366731402,0.7207947799433864,0.4331309049593201,0.21721874702106192,0.15042545715638264,0.10773000016429278,0.09770954173649037,-3.988670537064887,0.9994308784352176,5.932273905596053,0.07589567537106796
1149_753594,1.0,0.9934520793456493,1.012086732994699,0.9371824383570377,0.7654113936717506,0.44496116499745203,0.21758311472430558,0.14591816200518484,0.10547411366638422,0.09730282792605172,-4.379340619911772,0.9986645934888052,6.693681880236307,0.08283771745551664
1149_1240226,1.0,0.9994576467464213,0.9882275254116499,0.9040014351916884,0.6949656245575989,0.4250722621606127,0.22206773435391056,0.14650460848253918,0.1106786087769734,0.1002410883133535,-3.8076841790885525,0.9969097174880165,5.575638854137944,0.07280032337007286
1149_1240201,1.0,0.9959675743070342,0.9768129913906837,0.9309053033376133,0.6933697108754698,0.45539615554827845,0.24332642602331597,0.16124217105782154,0.11713323718401496,0.10194952463122658,-3.6333882922250167,0.9963565453303371,5.457185583261839,0.07445525630767295
1149_906746,1.0,1.0022568923309623,0.9909969444730041,0.899084431300713,0.640049081675055,0.38680228436256175,0.2258848806447276,0.15716815601188439,0.11219320924942877,0.10110575552105387,-3.831139275057427,1.0037569482520619,5.29208451216111,0.08176777859466976
1149_1240155,1.0,0.9935351984867887,1.006007289377164,0.9552386113167604,0.7710038226491102,0.47489819579480264,0.2370902957304569,0.1427587273913626,0.09352881872986829,0.08558621338178818,-4.03274599321828,1.0004436516951678,6.390639594890514,0.06440746523542734
1149_1327775,1.0,0.9943509865912136,1.0074213395627472,0.949550454571192,0.7804365508077878,0.5070972125909629,0.23825863629400032,0.14995269710127415,0.10702886014334478,0.09434592295728494,-3.993176327783316,0.9983227672661217,6.446548781242795,0.07107025776223716
1149_905935,1.0,0.9981776422666165,1.0031623875897535,0.9440370530683663,0.7193963899230958,0.4678200351446573,0.24594676889269432,0.14331737471229455,0.09694960637390108,0.08955368976963805,-3.625121754821758,1.0039925471130642,5.608560333071266,0.05580317148334064
1149_753531,1.0,0.9980014819934301,0.9963615849903694,0.9647955940398772,0.7523341127568018,0.4239845523758275,0.2444709330358464,0.15513227911020497,0.10480746828806463,0.09324914572094108,-4.319951730503959,1.0027525328308553,6.524774560445722,0.0869931405860545
1149_907063,1.0,0.9960125023816172,1.0078536298232608,0.9607764187040212,0.7479790312358511,0.46806540603658897,0.22929478095430986,0.13413947355984712,0.09458574994729092,0.08469417045832552,-4.001135416393998,1.0036901726926506,6.235787470707246,0.06163812588667591
1149_906800,1.0,0.9961518416168893,1.0032244551874487,0.9674926511830612,0.7435726653939563,0.45582229448069445,0.22417381118102275,0.13380950122729596,0.09134384275716888,0.0829473037764808,-4.10624359871451,1.0037698804488262,6.336335198551929,0.06338480514702785
1149_1240221,1.0,1.0015660584999908,1.0123661868763818,0.9301560152304488,0.6966798076187607,0.401775958464161,0.2201673032525383,0.15338331153143706,0.11284109215664932,0.10277551678331846,-4.214050598412678,1.0065780012612235,6.031779041573096,0.08959623994890392
1149_1240192,1.0,0.9979642306370097,1.0099032193828272,0.9189759307876955,0.7131013450923409,0.43086959442216477,0.21304101740379008,0.13504814817227048,0.09512539408678196,0.09005116169156584,-3.9298892390443756,1.0020339683663786,5.849412397676295,0.06279491468987262
1149_1330972,1.0,0.9992117466427589,1.005482134485556,0.9265357160504925,0.7141276361057202,0.45379195128216937,0.22753800177102387,0.14246697226508662,0.10731883322676354,0.09682541680387195,-3.7933133858827732,1.0023166253065308,5.72190782681547,0.06749351929440345
1149_688121,1.0,1.0009320692316992,0.9877797072791662,0.9022929936289698,0.7192646249959314,0.44617553812522837,0.24187743226796288,0.15311636607191548,0.1079328756094738,0.09874787875178369,-3.5964426004303696,0.9962290236286906,5.451078517848157,0.06500783555778408
1149_724812,1.0,1.0009193777823941,1.029199698792701,0.9579894115871094,0.7280706447417309,0.408617708342298,0.21810944459719925,0.14859648596551475,0.11167975261355577,0.10485135262727618,-4.551267974708594,1.0117555022132547,6.619631849279703,0.09548517736696184
1149_907057,1.0,1.0006700547669711,1.002184481504609,0.8955308488745697,0.6496390160087238,0.38070340437115063,0.21084686896955554,0.14289011904038304,0.10646424994947039,0.09727099711017718,-3.956768822435447,1.004257025812213,5.474787764482034,0.07656890662754577
1149_1240205,1.0,1.001587260572561,0.9856991073354756,0.9509218384403765,0.7371625031524999,0.47569136490788716,0.276409951046906,0.16803820951820617,0.09386344006743404,0.08193413019854949,-3.3598371120139365,1.0021904259225987,5.3803380206401545,0.04699876443538099
1149_910705,1.0,0.9986072633907724,1.0155984980209656,0.953145246352766,0.6971516765882274,0.41803027070101634,0.24302525355974391,0.15826214663130145,0.09254254038054173,0.08506809968956934,-3.856974824314214,1.0114190205117213,5.686190702340026,0.06858025458119898
1149_1330994,1.0,1.0006608480745038,1.0045526329599628,0.9338866295794194,0.6851467841743464,0.41197904804814883,0.2216152427479623,0.15070461309484262,0.11166672083938607,0.09788951029051252,-4.056117350375636,1.0057141830723384,5.834235087606808,0.08267088595921074
176_910545,1.0,0.9957628628636037,1.0048857066243737,0.9673499128339854,0.9586069461364565,0.8717932167660503,0.6657551886113714,0.27342841095533266,0.03373301495133613,0.014643900031574569,-3.2662395749585276,0.983340512113734,9.823410880221607,-0.04708929940487861
176_1298156,1.0,1.0000959964945244,1.0315630379426548,0.990026443119222,1.0221671521857285,0.9756614569198252,0.8077988959981699,0.3212911756557172,0.031712746078716464,0.021772555763426862,-4.364574413907767,1.006165008764163,14.30223310793364,-0.00885818154004197
176_907274,1.0,0.9869862039992202,0.9866218901394636,0.9663882488061311,0.974374398203163,0.8986003690059515,0.6684913674889347,0.2662438364052294,0.025158372937373982,0.012168037047985565,-3.625360843216783,0.9809787307668124,10.859364118418158,-0.035001663776723035
176_1297449,1.0,0.9856759596692335,0.976599553268427,0.9568863306349865,0.9619443093538825,0.8801078198717445,0.5353207265309093,0.21943529296905295,0.02510008770070028,0.011045513389479117,-3.728385916982588,0.9803095264442018,9.880867059331047,-0.02369254999516997
176_909777,1.0,0.985620990598825,0.9953695478381221,0.9585401067312388,0.9731796614179794,0.8869583752452502,0.6897160934769541,0.2408510506408644,0.033059015248896255,0.01983970364500164,-4.036375377480721,0.9771037215231902,11.958935765653433,-0.015211985813219166
176_924186,1.0,0.9969315044695941,1.0036899655641447,0.9735349089606808,0.9795990288198305,0.9005923066003362,0.719323769134304,0.25442990883642463,0.03162122614873569,0.020884210991442633,-4.141633553957357,0.9843443751409702,12.531499530465561,-0.01303428796607182
176_909255,1.0,0.9953073190397105,1.0036645429772666,0.9700307909343877,0.978511601601018,0.848556814952246,0.6283806996418781,0.2563300089036238,0.02959126310298778,0.017662104210227337,-3.1418188032073484,0.9888709189511942,9.067595615998378,-0.05213619986067066
176_906854,1.0,0.9886623372414586,1.0179799082996717,0.9640470721851542,0.9770869493340323,0.840472460937332,0.6045207461475245,0.18335264670812135,0.025541696771705615,0.013471192174547569,-3.7046382742161907,0.987112796038413,10.03801023544704,-0.03384712947848417
176_905950,1.0,0.9912389995586408,1.0056694005126163,0.9751555096599023,0.998926518455689,0.8697007149043233,0.7264928069670896,0.27745297183471307,0.02797353864988907,0.01639830228220401,-3.668678344519389,0.9852326401302721,11.379584098201573,-0.03360992369199606
300_910566,1.0,0.9983852627576763,0.908096525280751,0.7953366432924877,0.6619929253385689,0.6309877082671319,0.40196878660918206,0.3393371951367831,0.04327069742363301,0.026133033955234777,1.0721272627782175,1.008171527603051,1.7300110578749908,-2.9937264484073616
300_949172,1.0,0.9985282804118896,0.9078121600797912,0.7964158479317215,0.6621730360763903,0.6350276902285037,0.40303825373879726,0.3400912180086783,0.043427190541669235,0.026363113632714014,1.0994586622293612,1.0079142619687627,1.7305179567188764,-3.0764840882333555
300_907170,1.0,0.9985916288847282,0.9085585728435775,0.7963226186174502,0.6616655871468573,0.6216215847139139,0.40104277975909186,0.34074373111963135,0.043580502712730396,0.026344183735657833,1.015066025316152,1.0088929968266052,1.7317413385700735,-2.8247533983770707
300_907169,1.0,0.9988731836376002,0.9083549271843129,0.7954256958989009,0.6618288672617189,0.629709399274371,0.40188878689853186,0.43220284860814123,0.04305529278605624,0.025932076829929786,6.284953330630289,1.013189236355027,1.4729076234716485,-546.7903399380136
180_910566,1.0,0.9936958534358759,0.802137670334838,0.5321938254170909,0.3103553261910211,0.1820020941679222,0.14939382291770162,0.10803428445200003,0.10164306043703965,0.09451715299256469,-3.92337772737294,1.0046826343717838,3.5081038278844283,0.07159041493492818
180_907064,1.0,0.9922740857118044,0.7865455319246889,0.47015621390577095,0.2521886730527032,0.1465462319429862,0.1221478047029393,0.09457332926684535,0.08416655802439162,0.0785085792908634,-4.476030680355409,1.0045004951784833,3.7921016104818426,0.06760750064052927
180_909251,1.0,1.0002507928371858,0.861693951847284,0.6138891509815352,0.4217444700874095,0.24176885866661715,0.17951127114544685,0.12763620222698835,0.10323200148093663,0.09382371080894436,-3.2215602173036944,1.0071988375437881,3.293445327989935,0.051268291440313994
180_1327771,1.0,1.004473311747808,0.7465591813897855,0.4539888015836456,0.3011775020499937,0.1717971399569946,0.17137884077248525,0.10016662586158448,0.08485232175909807,0.08035927356396344,-3.7077920563236204,1.0202717445984526,3.0899691875558055,0.06191993266730167
180_908135,1.0,0.9958735436548333,0.8105342114828131,0.5113201754259359,0.30520764533028116,0.1642829965872782,0.13971456228731602,0.1090669209772504,0.09002629783834994,0.08407097741816472,-4.086160079610399,1.0062675589372025,3.6202421573940446,0.06810563283424696
180_907789,1.0,1.0006939710317333,0.8467259241967443,0.598196293882782,0.40058097601622555,0.2210270447100118,0.1841865724349824,0.13112797177988547,0.10340346985294603,0.0955773132700332,-3.349875256843945,1.00755465607717,3.3100792864843642,0.060219013811042825
180_971773,1.0,0.9929883632521967,0.7878639472747703,0.4942013423130945,0.30090185556628696,0.19042222387696994,0.14047801130069626,0.10930015456165627,0.10108434112469439,0.09629052446491054,-3.949529769343754,1.0081455155228891,3.4189188671468083,0.07455939559055759
180_1298134,1.0,0.9967521336610097,0.8138846067066806,0.5549048595136418,0.3593799820339045,0.18024839004706625,0.16029891162278967,0.1224236471463176,0.1098581916285849,0.10267268437179251,-3.7196187580865754,1.005051028034757,3.430885511733311,0.07318907880807964
180_905933,1.0,0.9961960439125964,0.8411416866796917,0.5772185791047938,0.38121516015434337,0.21712318721033408,0.18226557289637682,0.1130814306663268,0.0995599476840026,0.09163611428888002,-3.395609256449106,1.0073479479618193,3.2908618736199324,0.05666098606039939
180_1290806,1.0,0.9991825742394175,0.7671397322438954,0.48131707631395443,0.2868905886761265,0.16109110214302183,0.149047092078168,0.1121646266715689,0.09957241001439442,0.09386128825387215,-4.075296416042867,1.010906358852964,3.438871767571573,0.07684809985469104
180_909253,1.0,0.9981000477793754,0.8280292472715494,0.5060161110232978,0.3051929475224328,0.19317338848233875,0.1440850174133744,0.1024537303811368,0.09500436961319214,0.09187942793446614,-4.1427633775087305,1.008807152691229,3.6743043525416463,0.07594828635771654
180_910697,1.0,0.9933982420464353,0.780189644674199,0.4361688780700053,0.2528117712276551,0.13454576533549428,0.13857799043492183,0.10888584015778445,0.09013720717395775,0.08730810052533243,-4.7580154242736965,1.006111395692435,3.911917595105242,0.08351184937704989
180_910916,1.0,0.9899272140484893,0.7326983088438629,0.4034589286926534,0.27072948121890533,0.15571575726137632,0.13530101699094735,0.12347967608024557,0.10553639800614247,0.10334119810724535,-4.5062282968306855,1.010631283785957,3.546505512965216,0.09469000813345407
180_1330947,1.0,0.9956100595433286,0.812393421545401,0.5095634298636994,0.29233914438946745,0.16694471574844164,0.12721964716959644,0.09793747575340662,0.0877568018743235,0.08455857094358658,-4.186779973937111,1.0053393062439535,3.703504811369577,0.06578645412753838
180_907061,1.0,0.9960463117549758,0.7720438759664011,0.45885485089012973,0.28486097095297974,0.159862776691716,0.15302030331412397,0.10200408221064779,0.09736110980270905,0.09273021384085745,-4.189496099087011,1.0105773809074943,3.5005018160798778,0.07850611920838754
180_906842,1.0,1.0006562768244907,0.8300583173977865,0.4917842416110054,0.3039715144722524,0.15829637626682605,0.13481495666959378,0.09665186510762099,0.07935475493014202,0.07287106127310335,-4.22100108067866,1.0099689147394568,3.735549387773719,0.0625775772503631
180_906817,1.0,0.9973761927690935,0.7858356609866833,0.46752087338725384,0.2760710127486904,0.15979045853737012,0.145508242564915,0.10771670886247565,0.09531709665404488,0.09389040173832648,-4.3646356673232045,1.008836666105116,3.674429881866501,0.08170143350705351
180_1240168,1.0,0.9974041171422087,0.7936907219890985,0.46276899015037004,0.27459675344277773,0.1576170321349594,0.1345798359043169,0.10339802676460157,0.09101666545630153,0.08783219861178321,-4.4230727256585975,1.008652521538334,3.7373898592239874,0.0772600652982144
180_906865,1.0,0.9953670463408298,0.8043822503871514,0.4674199227322127,0.26475363236144417,0.16379565922573838,0.15568815442853076,0.1084117821226256,0.09972273968989348,0.0880092787263197,-4.610689143791952,1.0066938000050707,3.8942917333226994,0.088749257785557
180_713880,1.0,0.9999453503058339,0.829442945727755,0.5821885505014652,0.38401559541209435,0.20550174039479366,0.16690461642967688,0.11475185918272142,0.09802577241134032,0.0920176584238384,-3.399349128650179,1.0069589978918478,3.291494290778526,0.052926821209416317
180_908118,1.0,0.9926658414618568,0.7532958714520949,0.5095476684253736,0.38577180026720015,0.21301936025092338,0.15271064020974345,0.1223492344451313,0.11080420051685937,0.09958994830497099,-3.028401524212894,1.015003384200246,2.726782167059675,0.0447065326294075
180_925343,1.0,0.9930202223620391,0.7923205611304999,0.5074241880440882,0.2964244893548377,0.17261750483320007,0.16985578258091802,0.10574916847115652,0.09728609002307935,0.08889415870144983,-3.973707444781542,1.0069574367948264,3.467346725535519,0.07398884093116748
180_684052,1.0,0.9957137423376601,0.763951358995267,0.4706354542110882,0.27921071666327474,0.15877334857994466,0.13981222864701814,0.1237897928714863,0.10428166846575056,0.1011413216025037,-4.258426005406577,1.0086938109487984,3.5436329870082965,0.0858887466722736
133_910566,1.0,1.003073062670712,0.9292260341473403,0.7781651067585543,0.5697476472497102,0.38884600280833825,0.2742248370225072,0.14471625171221913,0.05714198855898576,0.04212691640444863,-1.9646396636032304,1.0076170353204286,3.000742624917468,-0.10712026289882677
133_909751,1.0,1.0097871012792214,0.9295030328916666,0.8042947173742337,0.5702518139252004,0.4012664578653762,0.275082710099208,0.15643930384909632,0.060463557243967576,0.043161470505643285,-2.0072067142662653,1.009149940736322,3.086496379827398,-0.09705408404694905
133_906791,1.0,0.9984372442151471,0.9274194062198134,0.7819032424646556,0.5757802401500846,0.3976985481074471,0.2836190154439584,0.1540663506435675,0.06199475441807595,0.04475247194168358,-1.8835967245084686,1.0056578588796896,2.95324141464036,-0.1148002988757334
133_1330982,1.0,1.0011750093031948,0.9359640620867635,0.8061881548674226,0.618152975465057,0.4297249610548511,0.2785026876003784,0.14407309797786302,0.06367135631969126,0.04983748164188099,-1.9935310820750711,1.0009066341167068,3.2342154207327174,-0.10139242411924673
133_907043,1.0,1.0019024363663311,0.9306301412700749,0.7798231405281233,0.5686868365132103,0.3838837029076889,0.27119152287233106,0.1417610110879345,0.05675972623754122,0.04196662800983745,-2.0281920798012525,1.0067920625004978,3.057911737100179,-0.09809592682272175
133_1323913,1.0,1.001201909068225,0.925371300809328,0.7814329975751958,0.582432193735427,0.3966967550104184,0.2733060203788739,0.14838177458035304,0.06327200329106718,0.04613646848914485,-1.9539397597154051,1.0047942986762555,3.023196697864425,-0.10461079000244297
133_1240196,1.0,0.9957819724665393,0.9333701769909585,0.7935473890377756,0.5650296680775297,0.3945620850980875,0.28518949055214954,0.15982732774337158,0.05400721341096232,0.03840947223879996,-1.91297004040105,1.0061770254955948,2.9919653085073232,-0.11422839040264682
133_1240166,1.0,0.9986637736358511,0.9267468914501286,0.7810367019887385,0.5707149473157778,0.3859395638566892,0.2709653748600728,0.14595074039260744,0.060056400607293704,0.04260832445307975,-2.011013064578491,1.0047324977661665,3.048901524837968,-0.09814776064350139
133_906846,1.0,1.0021240675573202,0.9312308994813031,0.784788025894375,0.5758712206402431,0.39159057187382107,0.27575266351028416,0.14387762665091375,0.05584937384192464,0.04059941588436292,-1.9724341833306043,1.0066044999821204,3.041581496628507,-0.10798334670780653
133_1331040,1.0,1.002509122575536,0.9312115464998519,0.7814485240884489,0.5679386901662755,0.38130165403936783,0.2712807277125808,0.14341341311738373,0.05702478907609695,0.041908277461007004,-2.04832742803385,1.0071165011979502,3.0734590736621,-0.09447468132033986
133_687815,1.0,1.005875483266615,0.9404196345361061,0.7963907075121632,0.5679688734172749,0.38914563573267485,0.27076804985902625,0.13705250852177908,0.05636374889941389,0.042204073263144966,-2.1361033431806287,1.0085558441531868,3.194441409900095,-0.08434174000967756
133_906813,1.0,0.9995516591149745,0.9215488364359765,0.7696130254445507,0.5716909430948622,0.3897139562335404,0.27034119302301296,0.14181000321298107,0.056464923829936696,0.0416691897571411,-1.909031454015311,1.0052431819201857,2.9430116429916238,-0.11762057945333462
133_909703,1.0,1.0022529034734067,0.9366062256170289,0.8003922136879442,0.601576684104067,0.41066523133892,0.27366592749455104,0.13966458781350202,0.06047364553855463,0.047852054092611805,-2.059916364640663,1.0031163337705344,3.2263961959605987,-0.09304389763922688
133_1327768,1.0,1.0002309167034633,0.9397526054111537,0.8125842147822687,0.6061844965961488,0.41092876088284985,0.2714624399352214,0.1436586475915416,0.061525895638254856,0.046857336488607626,-2.1435176205275708,1.0016263444976308,3.3440641242633884,-0.08093017385651882
133_909715,1.0,1.000283867213607,0.9210484524582543,0.7818610433097634,0.5786543847921025,0.3916138260880568,0.2707727416400192,0.1482659726748056,0.0615381833715305,0.044273379131355727,-1.9641448473117873,1.003934593744339,3.0224624130030877,-0.10437918819883168
133_909780,1.0,0.9969809170617276,0.9273478741890727,0.7865155564043836,0.5821977040273206,0.406434832028954,0.2813683220115682,0.1531753475033887,0.061193052875951566,0.04262805888533336,-1.8621487613932053,1.0040801771400174,2.971146448340732,-0.12133922997001688
133_1298350,1.0,0.997776361708319,0.9312632850406205,0.7898869955380409,0.5858358189072768,0.4049002134716894,0.2739372386828927,0.14462680042251141,0.05726264444439436,0.03899519567631233,-1.9364630243223038,1.0035707148887845,3.061334143251964,-0.11530488673833167
133_907169,1.0,0.9985371618022084,0.9210562317448668,0.7638801595944624,0.5688425600144557,0.38586191883555104,0.2663019419599297,0.1402340033138975,0.056449748514371734,0.04061510554588744,-1.91929633096308,1.0051624378285133,2.9335629950815463,-0.11663740074121343
275_910566,1.0,0.9996048212244956,0.9255005293101001,0.8716510762984105,0.6621126206712106,0.45169345496914515,0.2612430321217429,0.14997201496803214,0.1081655474010843,0.09422176290527962,-2.8788469564473087,0.9850355044737693,4.397993373228653,0.02813969916422841
275_909702,1.0,0.999869703449909,0.9253908371742142,0.8671176795564465,0.6453439534477764,0.4527835097486466,0.2602794531273102,0.15056653400750172,0.1080459889605065,0.09407759313356501,-2.782587908371577,0.9872516453960295,4.2220875862960705,0.02197426881078673
275_910544,1.0,0.9996881537970342,0.9254748841439931,0.8674097847763048,0.6440290971306742,0.4472422535184717,0.25672741267535737,0.15005136669559363,0.10808104162543701,0.09409562700728465,-2.838036895913126,0.9870329676554473,4.271466805575009,0.025969352917989835
275_907272,1.0,0.9998579923061782,0.9254238931855451,0.8676865248220841,0.6462409673670958,0.45078204130058425,0.2592704751426567,0.150462761325483,0.1080386091881999,0.09407049278567696,-2.8079070214385444,0.9870454342302473,4.251346406240057,0.02378352025752535
134_910925,1.0,0.9916905230469606,0.9417898061132169,0.8181949763539257,0.6267604386618039,0.40633034573671906,0.28129181562510436,0.16459814465981917,0.09141326572088111,0.07539404558191952,-2.3753752862076194,0.9956908632979532,3.581650261005854,-0.021391959786756457
134_910947,1.0,0.9914888061036886,0.9391167406590638,0.8148163257624175,0.6236636392529104,0.40573142154283226,0.2818318702380819,0.16491917663729383,0.09115742472817108,0.07514804992019507,-2.3383776653362056,0.9956755298734452,3.5286340563531216,-0.025280260581025428
134_688025,1.0,0.991745935630001,0.9416854155455675,0.8200649010905305,0.6269513391916842,0.40709590473812995,0.2806992040165538,0.16472785277763702,0.09112971816120718,0.0752823479282896,-2.3851967561603167,0.9955349854749538,3.597445624181893,-0.020581194127555127
134_906763,1.0,0.9917619500701251,0.9421637734944383,0.8211333059550362,0.6287557717758329,0.40857991167322644,0.2808212004546342,0.16497590192267617,0.0913707635159357,0.07545806657069522,-2.3878720863767926,0.9954154518650669,3.6088009810594563,-0.020238228066698397
134_1240132,1.0,0.9916589204033722,0.9427089875487553,0.8209818860516385,0.6293551475570406,0.40863155703208265,0.28145339927327756,0.16474529641111305,0.09148434056605631,0.07546847311993705,-2.386254876441285,0.9954681131505423,3.608702768012283,-0.02040280671752591
134_910687,1.0,0.9917325747586823,0.9423324707011921,0.8207098499385069,0.6286997298201094,0.4073087328130034,0.2807394742393435,0.16498491965206724,0.09143692855961738,0.07558118029145534,-2.394088199509848,0.9954403137249457,3.612133156243778,-0.01942921912796918
134_753586,1.0,0.9916788631634724,0.9411615204111684,0.817593698805659,0.6255940911891545,0.4054628741683948,0.2806180775407996,0.16482013664054776,0.09158886451811347,0.07559340119877013,-2.378276748356527,0.9956492461973853,3.578524021788291,-0.02079355952355829
134_910937,1.0,0.9918419833920032,0.9428332216875529,0.8208553687747798,0.6287148833385993,0.4082398336449804,0.2813306583790372,0.16481129223890098,0.09138615326896939,0.0753528211673144,-2.3864847326122423,0.9956451011364063,3.6062057013796314,-0.020414126678791004
134_1327774,1.0,0.9913746368014383,0.9424340716432319,0.8201194670680095,0.6298748298370969,0.4097173971715114,0.2848771349175276,0.16563546214362598,0.09136395160517113,0.07513363167851526,-2.348678100105871,0.9956411839895849,3.5720655161495363,-0.024272066990332807
167_906848,1.0,0.9987078086194323,1.0138492406778363,0.9560830114429609,0.8528748270236711,0.71696510812397,0.6368699093882615,0.48155093989984454,0.031498315095377795,0.03255629743346355,-0.1259173569704828,0.9997842931240453,3.541781009727861,-0.9253699730077518
167_753574,1.0,0.9989497304135689,1.0155474992247326,0.9577655409563444,0.8629658838803081,0.7127789484258104,0.6364809249225928,0.47485712879719166,0.03123184349622854,0.033128394357570264,-0.23100792112212223,1.00052253758285,3.632609246009985,-0.8341402286183361
167_907060,1.0,0.9995522372220623,1.0106470860957926,0.9508609497806343,0.852194250123055,0.7206490687870885,0.6374271533365637,0.47309990499098414,0.031157442446919977,0.03229990866464425,-0.18562394274154134,0.9977042892985959,3.6034520059195008,-0.8723973731624235
167_949156,1.0,0.9993749589249439,1.0135371797908121,0.9554414144655589,0.8570808532841947,0.731349445334556,0.6476656915248458,0.49250597289982395,0.03062518933118107,0.03180719587829945,-0.17550349103983298,0.9971181401109176,3.704385328892399,-0.8834068285273181
167_1240159,1.0,0.998831853446144,1.0091501140764179,0.9566834925735298,0.8516065382566862,0.7161522644407468,0.631826379620648,0.4797423496044662,0.031077658503278333,0.03193701565246749,-0.13330908019779417,0.9990468080206609,3.5340737271100995,-0.9184660992228871
167_906832,1.0,0.9991545802049554,0.9994320100710591,0.9426837311761175,0.8416691722611587,0.7105038438323009,0.6337029412212696,0.4856981961806652,0.029826456160039743,0.03060847055013288,0.08420414074520605,0.9959351940911999,3.3367164859937333,-1.1375279609128497
167_905962,1.0,0.9987601952334688,1.0035590049440966,0.9525981550828561,0.8483352965002773,0.7145778255549308,0.6332880497801213,0.47107272991849264,0.03202630254990987,0.03273668142619565,-0.15116333972469562,0.9968951377708235,3.5372888561328737,-0.8995090057934622
167_1240153,1.0,1.0010992782822103,1.0182674777738256,0.960829558376033,0.8602695715797054,0.7321223071292683,0.6449560194717843,0.4668568006622505,0.031491964861763505,0.033049777660234474,-0.3789632486474467,0.999213207829009,3.855911457188767,-0.7232917317320969
167_907041,1.0,0.9991275034619415,1.0049586524846585,0.952378211272569,0.8424244857139959,0.7089817701784066,0.6294953952692847,0.47166204354991587,0.03185791066222461,0.032497286133403185,-0.06230079350468375,0.998722919221471,3.411817126065349,-0.9826390327056963
167_910900,1.0,0.9999751919810101,1.0104889676815703,0.9580320283237915,0.8523882517617384,0.7230707208342424,0.6366927515843656,0.4773372477399363,0.03121802625359139,0.03258824059947061,-0.19950266549903023,0.9986378712794456,3.6279558414675677,-0.8606571395840268
167_687804,1.0,0.998436938594411,1.0086368502425411,0.9522655803508705,0.8519120125491777,0.7170973528264378,0.6372303718259833,0.4810136935834642,0.031216330456831292,0.032219929569530945,-0.11662722339567168,0.9976559152205651,3.54262239282992,-0.9329624009397293
167_1240196,1.0,0.999410559818131,1.0001958978553767,0.9470241839126885,0.8527439322309404,0.715531981400192,0.6379629735754625,0.49098784234779774,0.031524027867538225,0.03366320124209739,-0.03479703053209953,0.9953351728284928,3.4897048478619577,-1.006503744274367
167_1290806,1.0,0.9991400133335867,1.009283503384957,0.9493427159229496,0.844569817556818,0.7078135742024866,0.631154938227288,0.47536023425071355,0.03067070019186248,0.031830180413776145,-0.027367802810754238,0.9995576281399525,3.3874207829143788,-1.0196319673204284
167_910706,1.0,0.9989886149524292,1.0121863088527283,0.9533625873077437,0.8558746646391721,0.7237490865938333,0.6401062195345013,0.4783286473046588,0.030566008786654077,0.031670684155844946,-0.20637956929243437,0.9976199154864117,3.660130713342885,-0.8563708824141267
167_906800,1.0,0.9995503179650823,1.012196213486461,0.9515317440323422,0.8558246285424668,0.7281779186785458,0.6434175905328684,0.4823105617170052,0.0307175924924058,0.03191688617146177,-0.20088722515346866,0.9968169318187141,3.686141548619226,-0.8607447158147502
167_1330933,1.0,0.9983212201281488,1.0079685035953818,0.9592842431077678,0.8517493448002534,0.6776848166737266,0.569793453306786,0.43667586621025417,0.03121182524862942,0.032033018498712595,-0.3828337236744422,1.005431834218526,3.4169847427083826,-0.7115979321196472
167_910567,1.0,0.999171676875835,1.001595873863832,0.9443699985308595,0.8486039083074882,0.7269174023921273,0.6516915796739337,0.4987228676048569,0.029648257950691297,0.030409187563423437,-0.01025156988088718,0.9927870989858889,3.565715885358821,-1.0379902143749224
167_906852,1.0,0.9984229703073956,1.0085820047525609,0.9523618182650196,0.8487702072970013,0.7135986971775471,0.6358265755104956,0.4824765212365481,0.03134546906819958,0.03216026840426445,-0.057534414550679064,0.9984192431107702,3.46815271836344,-0.9888663374749257
167_906794,1.0,0.9989786459451011,1.008713801898215,0.9563984683871666,0.8529468062776315,0.715794337512114,0.6308791726359518,0.47010294067463737,0.03132600255572044,0.03217502557818707,-0.20917216440767517,0.9987097439588908,3.590047842266865,-0.8518582282690074
167_907273,1.0,0.999658608867322,1.0094260700825544,0.9479802456252902,0.8509242688000279,0.714613795096393,0.633504006536822,0.46999225543517437,0.03061461530510365,0.031551586608010385,-0.14885574039154667,0.9980705496429274,3.5316089902759935,-0.9052382356870391
167_713899,1.0,0.9998502653072624,1.0066125229230345,0.9461796357402701,0.8484457876975152,0.719444106352045,0.6424481686337794,0.48886129603266343,0.029808896978561372,0.03134669507500912,-0.0198946834246581,0.9963929367456761,3.487257462578095,-1.0281220375891091
167_1240206,1.0,1.000287880795364,1.012090356518847,0.9609571442007301,0.8608671315256075,0.7286241099857594,0.63799838845698,0.49055180907341,0.031354344421442956,0.03276158632181804,-0.21538879497581204,0.9988946182605962,3.7015069915266468,-0.8474568603426401
167_909753,1.0,0.9999205965544472,1.0005424769039637,0.9447980045571529,0.8502832112112332,0.7131469411738282,0.6361714559864642,0.4814818890544556,0.030149239155508826,0.03144441515530682,-0.049373481504423736,0.9955826449032659,3.4740857880114198,-0.9964661958961345
167_907051,1.0,0.9984578334987813,1.004780802314319,0.9498870852560143,0.8450418621461703,0.7112302487757215,0.6329638950323444,0.48478973785187124,0.030777709733461316,0.031545012173135954,0.01091127849635547,0.9978127468350277,3.395090578786352,-1.0578499460928545
167_905974,1.0,1.0013416767842716,1.0155981031726362,0.9622447991691806,0.8618059131056354,0.7354999295781819,0.65120664005998,0.49196413999346206,0.030857347881280445,0.03167915596916688,-0.2534937005544857,0.9983687459259403,3.8104946789271965,-0.8200848977247917
167_906792,1.0,1.00083603173476,1.0218375007992935,0.962626581547231,0.8614881428426706,0.7339226728394247,0.6459278939882972,0.4821527417321298,0.030870916641483902,0.03178887202236389,-0.294361011976536,1.0005156222522407,3.8001265543008014,-0.7886147097713397
167_1240158,1.0,0.9991004643480347,1.008771714412866,0.9560211265168436,0.8521982992732146,0.7169842009323472,0.6370308138746965,0.4828440785362756,0.03080349730694218,0.03180802721382004,-0.11610454216565402,0.9984764529371636,3.5439216916800307,-0.9347930560842161
167_1298216,1.0,0.9999292733501203,1.002249941818302,0.9520346068856709,0.8542030255046981,0.7221316894461247,0.6349977892857661,0.4749694870367074,0.030797371766910053,0.031911922365473785,-0.21528477054659154,0.9955158841082253,3.6520196524070885,-0.8461820792618959
167_908447,1.0,0.9994503925235261,0.999084354276925,0.9407402465659369,0.8407213415778739,0.7203551758617257,0.647270647256081,0.491119668578956,0.029108640086777143,0.029876912277297402,0.07369228406675325,0.9933236973105034,3.4296384832123765,-1.1278288964815204
182_753559,1.0,0.9939494974449533,0.8688652749084843,0.6600508925480797,0.4670950760170804,0.3596300960768737,0.27918792531870273,0.11529784373012009,0.03653981192118765,0.02593050654195811,-1.4738668060566114,1.017639410847481,2.2130412662606576,-0.21726871080153673
182_905960,1.0,0.9995239490389393,0.8986733270634333,0.6804463797730861,0.4740853552646977,0.35955760764258377,0.2636086735065353,0.1014884616966043,0.02724924501184457,0.02000404295915466,-1.6982337560447531,1.0173889917949193,2.4558724002276846,-0.17993283614773178
182_905940,1.0,0.9966729164907443,0.9088860736940875,0.6742035779518294,0.4696268704293145,0.3629829928841886,0.2767157631550891,0.11837622008560263,0.02979874633941818,0.019623910831475917,-1.643210175021322,1.0193119756280191,2.4031814443263513,-0.18451295707835666
182_1240154,1.0,0.9940972291287488,0.8931170823629185,0.695694313081262,0.5014255868473873,0.3967403970296572,0.28751314207975504,0.11636860557311636,0.03033771663349846,0.020297589924775386,-1.326799250753392,1.014791127320218,2.2688014723687515,-0.26905636051096526
182_687568,1.0,0.9985621898618083,0.8902658942894931,0.6834165369018876,0.48042114626317445,0.377559109203977,0.2763897307245549,0.11754051448179344,0.03106338609384786,0.022362934448236196,-1.4906253437157313,1.0178129325184826,2.3123000027353684,-0.22056444488422433
182_1290797,1.0,0.9982173528362441,0.8964778091427964,0.6678249619816737,0.4695618325054922,0.360728419374748,0.27764121044920076,0.11287775033487092,0.03421324193648427,0.02336105621193338,-1.6173079859623778,1.0193731869359823,2.35700398362787,-0.18724815901872888
182_905977,1.0,0.9973605866028885,0.8684586302765241,0.5666633513097993,0.41849154928098437,0.30746196290765165,0.1988922238480932,0.07082825016774158,0.027895821785365277,0.016347427782304497,-2.09338432530428,1.0218621941106016,2.455632132781543,-0.11554197242473606
182_1298134,1.0,1.0016923174140326,0.9122271717647544,0.6976437627226165,0.5018551619398849,0.38369021781704943,0.2916028200478983,0.12861396784286572,0.03173234454481218,0.02171987557013305,-1.4680478546276463,1.019358989122367,2.3651360907126944,-0.2253412980550191
182_908149,1.0,0.9937361882838115,0.8944224158669757,0.7016219853915739,0.5095907572361403,0.3958852400131865,0.28127495802675245,0.11360040927161241,0.04117541788712697,0.030622978400743166,-1.4587650235180445,1.0123099193787177,2.371118070997124,-0.22357706299611035
182_910931,1.0,0.9988500487088912,0.9225294561918655,0.7159610415485352,0.5163580917080951,0.4158373288320192,0.3250235687893734,0.1508938527056973,0.027563808136464054,0.017897934630097884,-1.133845778019276,1.0200127114693427,2.218111189296852,-0.32661054925468325
182_1240202,1.0,0.9975211075335646,0.8863691871890641,0.6641843345680286,0.47798532980466585,0.38162931140428036,0.3073417945714869,0.14032061276008126,0.033410904246073896,0.019780566941291284,-1.2127535117126418,1.0223593646102829,2.0844177908454555,-0.2910873650075882
182_724828,1.0,0.9932025667061913,0.9203052732061067,0.6758235419682537,0.4856592096806858,0.35490260425580206,0.22996714228848292,0.10642143598355928,0.03591829500334664,0.027879271581954173,-1.993780123554724,1.0133688245033214,2.70205819925603,-0.12057639589032215
182_722058,1.0,0.9949422692942403,0.8993791211638354,0.6804547579541592,0.4897489270333601,0.3812888774088181,0.28902141874572196,0.11639398540067275,0.027104280252033198,0.01644078626275405,-1.3826222727242674,1.0177388899716893,2.265533708177822,-0.25447680532604894
182_906825,1.0,0.9966836789942247,0.9102101539092603,0.6834602026678857,0.467219579197172,0.3831502320605411,0.2921118905541538,0.13226880532668958,0.032820635327086574,0.02141954672201951,-1.4931762765957164,1.0206144331424176,2.3125833583007913,-0.21346780666639623
182_1240192,1.0,0.9943902577630848,0.8928370363086415,0.6678790941373666,0.46081583923657865,0.34908232968475245,0.2616608167501938,0.10667241227011587,0.02789293750688239,0.01742712498397808,-1.709812310565239,1.0168585834714279,2.4172218397023837,-0.17524141177632216
182_909780,1.0,1.0009347623478628,0.8705861529773647,0.6516902468315333,0.4505458885900469,0.3293305719153921,0.23102590168762183,0.06828354176757995,0.01790845810541337,0.005399818413073545,-1.7896185213823248,1.0173053064562936,2.431726077161743,-0.18123776208351838
182_905954,1.0,0.9915682648641718,0.8745432383992782,0.6578124142581774,0.45081754605553415,0.3634646201785367,0.25543630996981764,0.12456423866378687,0.033327806596843486,0.024814743239737713,-1.600736311970286,1.0169122967898037,2.2861886168764025,-0.18727165127978163
182_906871,1.0,1.0052070671794826,0.9348027398011197,0.7267881793736489,0.49779970008292596,0.4369234638388546,0.3198128434379068,0.14219892122217573,0.026460289795782674,0.011476157482059176,-1.1669096631400506,1.0236708285022231,2.258898206676382,-0.32352032005169395
182_907290,1.0,1.0001051887202648,0.9077215689860259,0.6897520794696489,0.4934149413271429,0.38256200244393807,0.279553127063283,0.11374446427983896,0.034230996827324944,0.02422826722866896,-1.551784563525106,1.0180209450413125,2.400002005384476,-0.20556302780727526
182_910784,1.0,0.9972075349525135,0.9001761199246515,0.6939025347355203,0.4950313022868522,0.38015146711973863,0.2737167694810338,0.11290901517846087,0.032992138937800376,0.023722387955648527,-1.5542074285033018,1.015433780107226,2.4074205745841204,-0.20659694233582618
257_910918,1.0,0.9869794701704319,1.0035716413968234,0.9428232298451245,0.8315572085711992,0.5622441271522034,0.3477306483184457,0.14753983182071517,0.09429020078207721,0.08269746937710916,-3.2083518571668876,0.9940840526293189,5.879104669093431,0.02907085264943489
257_1327769,1.0,0.9869561882879676,1.004667822043386,0.9416121355290127,0.8305313606210606,0.5564317835751504,0.3432785623427949,0.14404694266032747,0.09186505285536135,0.08064085628276518,-3.233073508097891,0.9943511811195246,5.889078920102032,0.02802368319841283
257_749713,1.0,0.9870603803149888,1.00430830684851,0.9440431531302437,0.8328565439072532,0.5641543063867164,0.34893281039821283,0.14741591778132176,0.0937761768041625,0.08202950849115653,-3.204792213323979,0.994409271219409,5.8882699064361494,0.028185941702950267
257_753605,1.0,0.9867778986476998,1.0046676822218934,0.9421712963108861,0.8308688938458237,0.5599628458495879,0.3455961562466783,0.1468142988449489,0.09355590071187216,0.0821663748405804,-3.217307442573043,0.9943082332926967,5.878559927731628,0.02897638079022998
257_907277,1.0,0.9870825311725904,1.0038801471704712,0.9422098809052128,0.8309841762153173,0.5589127426155281,0.34513235226130784,0.1451952687134198,0.0927729126909569,0.0811367975436567,-3.222020843804821,0.9941934872933368,5.885322618350593,0.028134861485937367
257_909696,1.0,0.9868373579278821,1.004249027938467,0.9441668045264485,0.8336091587898679,0.5659032766060662,0.3500643298642348,0.1496016786093364,0.09519386354565913,0.08336562730468693,-3.203028458862927,0.9942948798442378,5.891992063811849,0.029671161310401192
302_924100,1.0,0.9927376113111489,0.8390069462894404,0.7533828311210407,0.6027323228915383,0.43830887649932554,0.22681817216440106,0.13946441943641108,0.09940304447994937,0.08982959945522236,-1.7865490453574244,0.9856777736754524,2.799558205388685,-0.10195241401213459
302_684059,1.0,0.9857976392451135,0.8700867843690568,0.8682135724205521,0.6929337725392553,0.5472514415754093,0.29155079237866094,0.1646281462925863,0.11126441986920732,0.09371018758639021,-2.3590724524130335,0.9607602751776652,4.187444542772977,-0.015585557807290701
229_1247871,1.0,1.0134219331154213,0.9429455046103521,0.9207444207476216,0.8230226051391174,0.47776608003545934,0.16889686667557,0.0907449159651776,0.06555542110836303,0.06132328271227799,-5.105787705679808,0.9737957455384454,8.340746821082051,0.04797513707459874
229_910545,1.0,1.012616995649936,0.9459411263224006,0.932824269961848,0.8291390281890071,0.518294741373066,0.19600169982305551,0.1065605355192007,0.07150435669991771,0.06961719871011544,-4.797815711561158,0.9765043582711888,8.05634054801872,0.052350479150596714
229_905962,1.0,1.0118006767057013,0.9434408795405419,0.9283901793057975,0.8305198751082635,0.515840890792782,0.19303086614795517,0.1047760694890058,0.07161322019951617,0.06901756290438882,-4.863519255325497,0.9744808396846143,8.160543832840027,0.05276724397912253
229_1331033,1.0,1.0137142887602182,0.9440624283078943,0.9221325886115874,0.8251478681032447,0.4829894203865092,0.17317162051748577,0.09368944876026995,0.06779431809476413,0.06359974426574803,-5.082870251497655,0.9743916532482924,8.328845490480246,0.05013395275514768
178_1247871,1.0,0.9993515413525715,0.8916117643236476,0.886209004118975,0.7974526596282373,0.6459023325618246,0.4384296398506257,0.181719638195582,0.12036384598254758,0.09811039223809975,-2.2596336998779223,0.9561470264171594,4.97146161605488,-0.024492454377230147
178_906856,1.0,0.9997021397414431,0.8903981372088748,0.8864735276788801,0.8002688589137978,0.6530596035136204,0.44410156167793785,0.1854252605642083,0.12240708761761321,0.09980321297634427,-2.2686588221749733,0.9549827538432745,5.0373216812728385,-0.021499326077644442
178_1330987,1.0,0.9996148802839878,0.8915847669519353,0.8875180605535845,0.801058527199113,0.6526799103990201,0.44707383642955856,0.1858440506515612,0.12256906429061044,0.09962642706692355,-2.253182392081107,0.9555739370877782,5.01994849468164,-0.023255775151685323
178_1331040,1.0,0.9989028161843989,0.8833925777276255,0.8838163955491957,0.7947798479651614,0.6483939998256062,0.4397202975298105,0.18311611728747648,0.12123317538586924,0.09861058730983209,-2.2386411311147243,0.9532514989011562,4.95890361631559,-0.025819497584120388
178_909703,1.0,0.9985457032738849,0.8841544227873567,0.8831626869115409,0.7938073363298374,0.6438764970443871,0.4331741040257345,0.17957842609418176,0.11841275728638338,0.09620376561451727,-2.2596190121264006,0.953574821926202,4.959863224722722,-0.026347548624853185
1026_905985,1.0,1.0022995021493555,0.9863070799585278,0.8888322046759578,0.7070614960718968,0.4746244037814183,0.2848450493733763,0.1819792706828309,0.12293557917276886,0.11181323159439281,-3.0053838785106377,0.9999048555197353,4.672489937749528,0.05606715714392083
1026_906746,1.0,1.0023061379717972,0.9870602065415045,0.8899399017152675,0.708432395852746,0.47586918590505184,0.2857922018449885,0.18240341659209958,0.12279146740923756,0.11160977771040563,-3.0029130128490826,1.0000942640900743,4.67863719549478,0.05581321847549793
1026_753592,1.0,1.0021757501938944,0.9860454444299939,0.8882935094061871,0.7054762701987213,0.47434437728028445,0.2853217567508364,0.18191740344293503,0.12248593996800881,0.1114661273355368,-2.990014998017974,0.9999900581430633,4.648396830972928,0.05489484453409713
1026_910903,1.0,1.0021836690001773,0.9873105247329912,0.8900138858108129,0.707958037769045,0.4763356058988329,0.2868330021869625,0.1826030826455818,0.12232325230091923,0.11122012908589839,-2.9876234796126653,1.0002690016251174,4.660806202457304,0.054629054984377104
1026_907313,1.0,1.002119829979559,0.9866233222121816,0.8892234445621044,0.7075025790128233,0.4747090759315598,0.28502718443828673,0.18198349309538467,0.12273147845144315,0.11165748746384829,-3.007270859872837,0.9999162379164962,4.677640184651397,0.05603318124944571
1026_906820,1.0,1.0022614434943138,0.9878390910179174,0.8897305902230109,0.7072319219371694,0.4741405224781226,0.28594036302009357,0.18146761958085042,0.12151131739530047,0.11064868207092775,-2.9979916292635247,1.000466770914921,4.666719199746755,0.054527021767622946
1026_1298358,1.0,1.0021649360289757,0.9871650734157504,0.8894163645183477,0.7081477519297438,0.4749422210925043,0.28541370142156713,0.18259891549395504,0.1227003976301011,0.11174928390184724,-3.00631953472995,1.0000707697448765,4.67858615049347,0.05613793657244693
190_687506,1.0,0.9939696281948637,0.9337102186257146,0.7748390703826445,0.5125885642118421,0.2959565671381849,0.14781149634055868,0.09111601504687106,0.06120270045063875,0.05079655152699122,-3.4363821928060565,0.9933174326997188,4.26808374208399,0.010931023987774758
190_908143,1.0,0.9937600894071834,0.9322288560293491,0.7715506318487885,0.5101874903177906,0.2959421684801959,0.1498067453944416,0.09275773882150033,0.06219359640014824,0.051682696870230284,-3.409344093283333,0.9935016182701488,4.2228151241955665,0.011182339029284573
190_1298531,1.0,0.9942932790348998,0.9325454057189188,0.7680004586834825,0.5060418747279741,0.29396054527757487,0.14831657184934233,0.09121974477482518,0.06157065124293389,0.05126731457333935,-3.4098394210242433,0.994206882219141,4.203970913656543,0.01053169254618813
190_683665,1.0,0.994261679432389,0.9331807135201343,0.7736628048505308,0.5126376447174202,0.2945301987660617,0.14672770689951206,0.0908884169597272,0.06096651371794439,0.05058213203459625,-3.4389693551846268,0.9932849820020806,4.26716726866546,0.01066872597968729
190_906852,1.0,0.9939634533805988,0.9326208144039514,0.7713862815007039,0.5094315160142279,0.29459334276681376,0.14883927715266088,0.09169665861970439,0.06119491736155258,0.05072608947468204,-3.416737222850967,0.9936495824247374,4.229310432232769,0.010481765552734458
190_687505,1.0,0.9938489634242501,0.9328111960164591,0.7710401012964015,0.5092785125720191,0.2951701906832184,0.1491379973032728,0.0918948076357839,0.061298364790533355,0.050842790540293836,-3.4107052199202172,0.9937342439440824,4.22205070839616,0.010386723827919959
190_1327768,1.0,0.9942063784944232,0.9330807638333858,0.77362869959522,0.5128047125675921,0.29583518064814246,0.14772644467602997,0.09122659733813804,0.06104923222326638,0.05069385476238369,-3.4242432689883455,0.9933759195683998,4.252659097406731,0.010269401965655168
159_907318,1.0,1.0055561852007617,0.9585717691617172,0.9316800835120963,0.853332894926821,0.6767620399547526,0.4363858514401719,0.23621442286673297,0.09479102919898456,0.08050903047113778,-2.362469136572093,0.9823142527236297,5.365809532156871,-0.02953363121628684
159_1290813,1.0,1.0053513362542459,0.9603274229659223,0.936650262822177,0.8525998975078598,0.6758520797610649,0.4325374639122203,0.23126509781930085,0.09393285633192243,0.07971123400327652,-2.4151302760520217,0.9833470504480545,5.42978191666149,-0.02552042762149323
159_924104,1.0,1.005663410010438,0.9587512734245265,0.9326768330505028,0.8514664246284104,0.6754615158732061,0.4353903094401102,0.2363290112228428,0.09510181872515006,0.08090589577855141,-2.353471453963792,0.9827607261278073,5.335904521568452,-0.0299838981727965
159_687459,1.0,1.0055669955349902,0.95846179308039,0.9331710240412631,0.8528531385994542,0.6783573630669166,0.4365129216872223,0.2374434598955939,0.09523555175320571,0.0810019718074551,-2.3625460092339874,0.9824629456534189,5.370202275135154,-0.02893965279130906
159_687505,1.0,1.0054829278167798,0.9570849776187735,0.932367490818697,0.8514357131987723,0.6763159285554091,0.4323430548344924,0.23451294863763525,0.09467776455171129,0.08081745695502612,-2.3892464977275147,0.9819033609375536,5.3913552553722495,-0.026609063868219547
159_906999,1.0,1.0055871256545315,0.9591685510583048,0.9327345628729188,0.853012761428409,0.6770932063058831,0.43591274567012633,0.23558103801360408,0.09477464261255125,0.08053964712708722,-2.370099415975538,0.9825963824076754,5.37548601145321,-0.028832975824403285
159_1298157,1.0,1.0052909532896768,0.9587103520495636,0.9327195321033569,0.8550697879038224,0.6808783285355213,0.4374636816941074,0.23650440295099565,0.09499109918647171,0.08077708625083234,-2.38726265811923,0.9819676207721157,5.430239825141517,-0.026926643771324036
159_906854,1.0,1.0053617526367213,0.9608336913937578,0.9362662282374693,0.8518940254341212,0.6732672506927334,0.43159894753953676,0.23122496881937296,0.0940428085773631,0.08000964776388995,-2.4072073905345213,0.9837003157222106,5.3995703067678305,-0.025913711321092815
159_753614,1.0,1.0053248066684095,0.9589054420237767,0.9332592170246631,0.853209974615222,0.676795778679311,0.43577977904993764,0.23618023485834438,0.09515435711448933,0.08083762241747379,-2.371815721628135,0.9825928436747777,5.376589489356022,-0.028166483445736506
159_905963,1.0,1.005437018849938,0.958294009713823,0.9324910092516934,0.8529233068563341,0.6777932937810672,0.4360374976914392,0.23657475240975198,0.09478300959869385,0.0805332542500197,-2.3656716424960047,0.9822601248392233,5.373871421256456,-0.029163492202568676
1011_1240193,1.0,0.99991316855672,0.9885504089440679,0.8744080466842382,0.7563585076424418,0.5498863484912796,0.2509318888715758,0.15713235708056153,0.05435871250999901,0.04640400651421848,-2.7158561391987166,0.9900979266960935,4.835607621961631,-0.037332924252971286
1011_908467,1.0,1.0001428408689343,0.9893505011509219,0.8758312286876714,0.7591635571816436,0.5503566961325723,0.2505533286774381,0.15758430461134174,0.05472738399700911,0.04680139326129925,-2.7461467722718327,0.9901019058964897,4.8860664343814335,-0.03451175229074344
1011_1297446,1.0,0.9997660369148633,0.9881331827033036,0.8735580190223091,0.7545267684805365,0.5486220268653117,0.25105374274261916,0.15744411319042625,0.054316711824074985,0.04645557100981141,-2.6987360853894287,0.9902180225015458,4.802078089108421,-0.0385504300100731
1011_909252,1.0,1.0003821081600524,0.9888765103129294,0.8732126161617885,0.7544256898448616,0.547901067213305,0.25183613709757896,0.15731551480957098,0.053822537314398455,0.04639752420040096,-2.688738762758656,0.9907479808000891,4.785079712888599,-0.03960583719979639
1011_907272,1.0,0.9997484688346029,0.9881597457606884,0.8728784034358776,0.7542192747125526,0.5481121039238439,0.25063515953955307,0.1571528759407795,0.05426761195756626,0.046476315532262995,-2.697966155764488,0.990192519035469,4.797570243839613,-0.038669433367451565
1011_910899,1.0,0.9996995433932271,0.9885981066868975,0.8745953544708284,0.7567928071417359,0.5506601646807786,0.2520846898345799,0.15772259595677612,0.05448260781362361,0.04648064648041284,-2.709069590970218,0.9900604168600634,4.831364011843669,-0.037693797721056015
1011_910951,1.0,0.9998111878750029,0.9881672812964067,0.8727946072809881,0.7537942049742451,0.5480344288900549,0.2508558233953519,0.15729886463973955,0.05412739027682891,0.046294685160613865,-2.6907706012432495,0.9903136792743175,4.786507447395175,-0.03937306305676441
268_946367,1.0,0.9864995776827156,0.7793545332515618,0.5953044747714242,0.45463403520416096,0.24255345903037662,0.21056012542706096,0.07721985894828996,0.028678984770068885,0.015242022608963124,-1.7777621753017427,1.0132125119938036,2.190587726551803,-0.1702196291898115
268_908445,1.0,0.9864736638674048,0.7821650198098821,0.5987918329792855,0.45439637818371076,0.24248801193842873,0.2052129239342602,0.07767290107939724,0.02879783701283721,0.015517533649403274,-1.8163146205387781,1.0122583913879108,2.2262996312047494,-0.16351934606808638
268_906837,1.0,0.9863624246710877,0.7750426723797679,0.593521496315065,0.4496495190339478,0.23898867003974478,0.2020991628188812,0.0785905737637038,0.029197906362656692,0.015752703613681394,-1.8219565407359088,1.012943756923719,2.206558968375815,-0.16172434943385505
268_753549,1.0,0.9861902218445574,0.7833667612552541,0.5987566964500325,0.45625408144684815,0.24150981626034493,0.20721917658574815,0.07605291069890828,0.028262583342844507,0.015053941640827883,-1.8104063536809656,1.012109994574417,2.226412839950529,-0.1653558456763685
268_909750,1.0,0.986104449962904,0.7828716142251358,0.6013797500746397,0.46250652117706154,0.2458729242971012,0.211437392127829,0.07744159308895736,0.028532073131809176,0.015149637088411612,-1.751929375075443,1.0121875273081,2.1963067113716166,-0.1760827420524033
268_908475,1.0,0.986006683900802,0.7852399157017244,0.6004340376996756,0.4535257298940139,0.24559675110645385,0.2069079887801847,0.07755412427439766,0.028908794931717715,0.015458862757374537,-1.8145238029073578,1.0120508076668113,2.231702425049979,-0.16366171495315887
268_905943,1.0,0.9862520442880537,0.7831483702314461,0.6012183431210996,0.45408025833618443,0.2424674839078138,0.2106544649171147,0.07720695889378425,0.02886869865803317,0.015469771604295102,-1.8052788734978258,1.0122189056869524,2.2228895573531138,-0.1651176540513499
268_1330942,1.0,0.9861310488144003,0.7863849368686878,0.5985128962978638,0.4482511803470444,0.24497915324599784,0.2035010552171784,0.08048917825495051,0.030155002394488862,0.01639499295057246,-1.8589120424248284,1.0121820477422128,2.253050550950768,-0.15381871147057297
268_946373,1.0,0.986364768887726,0.7833021894690063,0.6010154754925292,0.4545863453785719,0.24452508473997395,0.2095214510130925,0.07791226021761492,0.028646875072117477,0.015296933578221282,-1.7962677657977109,1.012338705000695,2.2178124896888622,-0.16696437790135052
11_905952,1.0,0.9969021027945665,0.9827701505029055,0.9092886199334836,0.7536541517851125,0.44842031335116744,0.19626850346818261,0.11080326567563825,0.1057248694768813,0.0917855266592067,-4.352296607330892,0.9857989931141594,6.678650214946172,0.06848416924912736
11_1330931,1.0,0.9963649509491516,0.9833455780613058,0.9227245861321963,0.8090606152651514,0.538194993477621,0.26242876157401507,0.15819346075637447,0.10038268864451928,0.08771116002263706,-3.7544263092466754,0.9862855171275914,6.392951603682975,0.05907493654282711
11_1240189,1.0,1.000320979933368,0.9517977226003063,0.8147661249200494,0.6243602154614752,0.3386024860178766,0.17035706877835646,0.118829526525502,0.09324306917729834,0.07874851709270103,-3.611044833075906,0.9886603715394958,4.846400473300829,0.04268357041367278
11_909720,1.0,0.998005870984272,0.9824827895726557,0.8902329854575246,0.7486715499290731,0.46622337499690625,0.21434288519285918,0.12901803977090098,0.09981906754483483,0.08390669141641309,-3.7958081425494523,0.9865352723159831,5.934219536327775,0.05275207683358369
11_1330983,1.0,0.9947085326944144,0.9878765590246951,0.9190325497085011,0.797817503939461,0.5211520281325468,0.2181710552333552,0.12680485485535228,0.10239040287267126,0.08935518476225483,-4.241182706544462,0.9835526822900585,6.986168253313893,0.06535931156951555
11_906841,1.0,1.002567469889011,0.9562107313605667,0.8157148315960193,0.618867325193024,0.33754913756826066,0.1753989553498206,0.10490815141122367,0.09081887608789035,0.07792610045800169,-3.587601941027592,0.9913525156997187,4.807460918545541,0.038062709052209216
11_908146,1.0,0.9955226954584381,0.9824718713684542,0.8990830285569276,0.7456965451884315,0.46568243462464026,0.20467047455192103,0.11867316289311997,0.106195134964033,0.09157220669831356,-4.023241243898025,0.9853807453523105,6.234158474156805,0.062028490198491736
11_910710,1.0,0.9977453085661828,0.9752601797759146,0.9019626638025559,0.7039831852396828,0.41938988180837455,0.17341313536903843,0.11590573256523956,0.1014301270615437,0.09178916973009084,-4.251509310356546,0.9874590620041219,6.237482125918611,0.06586846978797929
11_910687,1.0,0.9990135720325616,0.9774817593601263,0.8893152436355606,0.7310814542268792,0.4468174335820374,0.20608408700352868,0.12050613333768784,0.10389585094884381,0.09011441520639552,-3.9024621066922074,0.9864233757882306,5.944205366174092,0.05873079490017778
11_905958,1.0,0.996082024547405,0.9854243548409624,0.8991217242304477,0.7413609343787925,0.4484399920278612,0.19920244780838234,0.11310849519367615,0.10043608734872332,0.08566780163627953,-4.07777873489782,0.9870700037696629,6.248808669282662,0.0582795621311062
11_1295740,1.0,0.9969518761922339,0.9888716097372897,0.933820730306342,0.7350801620685585,0.45522593370555436,0.21691924318542596,0.14705954193438434,0.10556946270503455,0.0945030611084786,-4.0435660274886835,0.9951777518949424,6.170194936797657,0.07344617255434921
11_753622,1.0,0.9968407131705835,0.9693516487235064,0.8527890186348634,0.709650373472904,0.4407390866154158,0.2022693618554451,0.12541782000754087,0.10014579553038976,0.08507485857807641,-3.4903410197904665,0.9841041995079198,5.26716346410581,0.041425320660591056
1053_906862,1.0,1.0161793437423823,0.8915693829755685,0.7722601369437799,0.5408040722880271,0.4209465235409322,0.21642322057246247,0.1670075119134895,0.11225617117287717,0.10729750645190834,-2.371789638412325,1.0041142352096,3.179420591409364,0.0006940599241380443
1053_1659819,1.0,1.0196732512650633,0.9124084695057727,0.8076147432985913,0.5467833030117674,0.40968279569978394,0.20611056911462663,0.16570232689728084,0.11286837952537017,0.10730462748415588,-2.806957370912704,1.002403678406408,3.69726667323717,0.03677297188442779
1059_905952,1.0,0.998730633603144,0.9323924720106865,0.8515020336528966,0.6953586969421434,0.5271697139668691,0.32710546741122376,0.2126242997538501,0.12104391149560086,0.10750887636256212,-1.9754032757965352,0.9899424178103248,3.549450277105053,-0.03980608220792948
1059_1327771,1.0,0.9972876303969905,0.9557754215448058,0.8701535638557264,0.7564319874176085,0.5898470178176107,0.3582161494538533,0.20300085676947743,0.1142483067299599,0.09637914652648565,-2.071378869608302,0.9846302294925781,4.097612099284152,-0.044072651382053483
1059_910401,1.0,0.996832613706724,0.919675864749456,0.8493983652795225,0.7141996603413211,0.5411330379575918,0.33007842407927407,0.19894953343000585,0.10720777528148706,0.09396513445996306,-1.9204041126535247,0.9825809318728875,3.631304785727215,-0.0661766791002213
1059_907055,1.0,0.996796879905622,0.9040337827937975,0.8285183663440273,0.6711874300193535,0.4950816947963872,0.3129752018498054,0.20843291124897392,0.11744754866118697,0.10561658257697143,-1.8613741741823635,0.987696465576592,3.2612200481640223,-0.05786069010982467
1057_1524415,1.0,1.0054149757477064,0.9165457924373962,0.8411421581914679,0.6961042471299779,0.5693831793585852,0.3426932161108975,0.23145193259237293,0.14203902914543504,0.12287718905191823,-1.638868257763933,0.9906016053182275,3.2140727016425767,-0.0766065804635945
1057_910544,1.0,1.0047532383471143,0.9250877711888456,0.8350638419954155,0.6927492815913218,0.5406908590058838,0.33181073246582143,0.22982087946827315,0.14519461875439818,0.12616347340663966,-1.8092708781334144,0.9928397611125093,3.2928239882158707,-0.041547179587075614
1057_1298539,1.0,1.0055930515987752,0.9202825167546856,0.839662979809,0.6987325180950483,0.5657689842190815,0.3453328793991113,0.23424379964709208,0.14633614677331716,0.1252773003297972,-1.6489319958882815,0.9916837258104121,3.212111737574326,-0.07057220375107069
1057_906800,1.0,1.0033678815624798,0.9325122878966282,0.8495559968988076,0.7120790979927042,0.5851443358945263,0.35125030255315853,0.23600756326222602,0.14053161649251333,0.11814036745568646,-1.6674774049837733,0.9905506928444329,3.3549255947854633,-0.07553256025925402
1057_905958,1.0,1.007573277771792,0.9296503128071754,0.8541883747228486,0.7113320058357098,0.5728375844047534,0.35090810240372844,0.23964242006586767,0.1476961474549879,0.12631584527865092,-1.7553993926186315,0.9920698880260544,3.396911921088039,-0.049914096633585696
1057_1659818,1.0,1.0027500225593864,0.918858161200515,0.8411397288308046,0.6873307199936809,0.5462182867697295,0.3357295452831419,0.22852291278756384,0.14183373535299884,0.12272960413289057,-1.7538417719628265,0.9912512267782878,3.2601008312108335,-0.05443283951881516
1057_1480371,1.0,1.0051616211372794,0.9218778259207804,0.8395738318269822,0.695405461994719,0.5548889096560939,0.3347531123139831,0.23111150921615886,0.1424987321334548,0.12408869511178598,-1.7499344926199962,0.9916121914668946,3.2846709727917607,-0.05464832867020837
140_909751,1.0,0.9952326203021921,0.9961362665218011,0.953644650474946,0.8300918142909111,0.5788070571506011,0.2398915547330349,0.11494058324212493,0.0848649138894152,0.08274565954206738,-4.321391950476866,0.9881260432374467,7.549087988651866,0.053622699022993235
140_1240150,1.0,0.9940087770759866,0.993872981157384,0.9595515266248227,0.8398119552247647,0.5838665929686346,0.23637710137086396,0.11463494283842045,0.08378149666296107,0.08124570121102502,-4.4860940811714265,0.987481092352211,7.875274909236016,0.05595539439043057
140_909698,1.0,0.9954391361336196,0.9945747832396213,0.953476816269757,0.8274293948599722,0.5802852604097923,0.24213367860196458,0.11753406551156993,0.08633184778044427,0.08408676981529861,-4.274238363906758,0.9878873520293631,7.470653173912208,0.05422506066482739
140_722045,1.0,0.9946401314346884,0.9979284465444641,0.9559191137915432,0.8348828294913381,0.5863217256046712,0.23933543906750598,0.11580700106561366,0.08370849282833766,0.08317649188730067,-4.385684608796134,0.988113293537295,7.70453426867812,0.054651847590569166
140_688025,1.0,0.9952237046545834,0.9997450670530613,0.9555439416312191,0.8347124971350902,0.5829077488760609,0.23812233505019273,0.11494375589050905,0.08251974821251958,0.08186933316995,-4.37636870727613,0.9889621877087471,7.669942410504464,0.05338066273283519
140_924104,1.0,0.9948797474892466,0.9988497204641114,0.9557011571946603,0.8324670732978733,0.5801623371740381,0.23971012460020977,0.11574451797744163,0.08286488233308793,0.08208482733642847,-4.3342641184942625,0.9890849077197772,7.582545860358766,0.05306392746806543
140_1330983,1.0,0.9942935219170245,0.9978421517291537,0.9524285105563376,0.830252848318371,0.5802791729294047,0.2388268499903932,0.11397824743062179,0.08311673349552924,0.08207193757004981,-4.325136825973842,0.9878849394278665,7.566275894330858,0.05239433596408712
140_1331033,1.0,0.9941997438528626,0.9998881295053698,0.9567155377424751,0.8371661853801907,0.583631906874785,0.23938163382178904,0.11418288616573526,0.08370925205687356,0.08268793022866394,-4.409958992382048,0.9888143840021699,7.736097590765487,0.05479499000973406
140_1240155,1.0,0.9945148061339752,0.9983769754839256,0.9546782909551395,0.8367831763122514,0.5881492159613311,0.24130201245769453,0.11666177629328167,0.08495198115348036,0.08353776954041496,-4.38906426366465,0.987864070608642,7.725748418185896,0.05554882615296871
140_905938,1.0,0.9932218839750971,0.9967042634721471,0.9518743757081894,0.8278272823361573,0.5736042492810791,0.23219754994816522,0.11161788471415279,0.08059660896445121,0.07934876427118252,-4.352882387788208,0.9873954155752516,7.573904182448256,0.05047025662764709
140_909743,1.0,0.9942711069242224,1.0005340694103158,0.9571119685721943,0.8377175404583571,0.5855898763488748,0.2413399943621093,0.11511204300245283,0.08565111585960651,0.08469170469499326,-4.412141505066669,0.9889761465803136,7.746030356560006,0.05658125956994841
140_905972,1.0,0.9946840967503626,0.9980242792297019,0.9549098814027692,0.8346563088209434,0.5843029220499886,0.23819159448171803,0.11540360042584326,0.08259320315582094,0.08213905287952263,-4.382352840231997,0.9880874729327875,7.69025379345094,0.05370236440696031
140_906836,1.0,0.9950915373093867,0.9976723490793166,0.9552890903083519,0.833104260275728,0.581151564652881,0.23904370658862026,0.11524066818380015,0.08236054373712509,0.08158526605154108,-4.348338013498308,0.9885838314269676,7.615554186652639,0.05279458555039749
140_1298167,1.0,0.9943888814048703,1.0003671604154283,0.9546853127358079,0.8314424802697329,0.5753779857349426,0.23562606903509253,0.11467519606461096,0.08317737363484161,0.08285151300144517,-4.371013569620639,0.9892413055083662,7.606272871952537,0.05412233701564842
140_908158,1.0,0.9947336029585906,0.9991765681188659,0.9563593886955414,0.8363249236877849,0.5859767914056929,0.23989937112048695,0.11513120686817178,0.0830722354022435,0.08238266699041485,-4.38789471291242,0.9886135969878757,7.712001813164413,0.054044147172782206
140_906813,1.0,0.9950009201339723,0.9966066802734092,0.9566190490996082,0.8334926605705274,0.5814272758535904,0.24022168940411862,0.11509090080715123,0.082904524019921,0.0818677579305186,-4.350109978409534,0.9885510984124699,7.622548480082685,0.0531858583681865
140_1240192,1.0,0.9948361342230482,0.9986399484895818,0.9556362942869517,0.8303383744674764,0.5780843086480941,0.231795997262521,0.11252859122788268,0.08188866409330912,0.08084993393286687,-4.395329554777864,0.9886468620673927,7.659831192727013,0.05245953666489413
140_905943,1.0,0.9950687876472571,0.9974829360507993,0.9543428524005116,0.829899954491612,0.578032190882846,0.2362299591899364,0.11442606448975107,0.08169021624113111,0.0809876147600318,-4.335396278121937,0.9885186181130954,7.567886551193534,0.051793732638415156
140_753554,1.0,0.9950518147301736,1.000475158369065,0.9554611961369294,0.8304553105321403,0.5822453558301969,0.23953762439820073,0.11615348061879312,0.08326487094712773,0.08286529497300212,-4.313263964022378,0.9894095164124166,7.5478062458710315,0.05293961234694523
1004_910853,1.0,0.9952473017186859,0.904880268706859,0.8287456264184817,0.6011496848794163,0.3251193708498387,0.16223651190829488,0.12402787727420328,0.10566185878189382,0.09988739633938472,-4.014527296856656,0.9727284118379528,5.262773291720215,0.0697702578847398
1004_910947,1.0,0.9937765500636173,0.9052579305953693,0.8355415597786777,0.6124326475786416,0.32313436136250445,0.15641752470295467,0.12089819332853584,0.10479589782978749,0.10026250672538417,-4.205520752534527,0.9696182453408279,5.558544853231119,0.0726773215126241
1004_909709,1.0,0.9967239714639883,0.8976075401533142,0.8296982907571772,0.5923554224611557,0.3175007770622189,0.16136152338209073,0.12242646796602079,0.10631732141833816,0.10074118932148918,-4.0792199127894495,0.9716262574436679,5.301746657991772,0.07197026310795697
1004_908146,1.0,0.9961278842937343,0.9071268367037622,0.8302445476691017,0.6044319183153943,0.3249360884932073,0.16190457974215555,0.12357734604744519,0.1057563056545137,0.09999456988707968,-4.045578863018004,0.9731395008307545,5.312673410199709,0.07039928024409621
1004_683665,1.0,0.9957058414929811,0.9104641870592669,0.8336002406700539,0.6159691725187099,0.3253579927825243,0.1584127765357052,0.12137049253841987,0.1040127880874984,0.09887984537631833,-4.137978890285415,0.9719544180942454,5.4820347284251785,0.07038204910751815
1004_1331037,1.0,0.9967359775678278,0.9088121660816281,0.8339884191974233,0.6114718864168435,0.3219249289976202,0.15779736088091198,0.12130217713004095,0.10393135467266017,0.09906493921290309,-4.159518322060988,0.9722064688416071,5.485707481408598,0.07108977285094227
1004_906827,1.0,0.9935562091169284,0.9103458345646335,0.8394243005464322,0.6123143825030709,0.3250632783479056,0.15920030886259165,0.12230111803760575,0.10413032194114308,0.09959681466108049,-4.2030684891358705,0.971405658428116,5.560979803544737,0.07301869903157929
1004_924102,1.0,0.9960074399712262,0.9043342231443051,0.8309746836973426,0.6032158732975992,0.32553374558977716,0.16216886456200674,0.12358702047959906,0.1055227565407822,0.09959703543239891,-4.037191962845703,0.9725034255560664,5.303702008061765,0.07005737779848271
1004_1659819,1.0,0.9941597673007522,0.9030165472502567,0.83855224146565,0.6097809813072268,0.3196490918368298,0.1554569971856583,0.12089736300927774,0.10466862894199107,0.09886822016793095,-4.261229029544448,0.9691501398210944,5.620455125969862,0.07355850072062585
228_949153,1.0,0.9820360635640206,0.8924553998287501,0.8059346831466261,0.6462924534811045,0.4752023370941956,0.21868352697875793,0.10459823121036176,0.0330589592415542,0.021019351470765054,-2.0670303029626145,0.9729299334850732,3.569704055332889,-0.13424162631261707
228_907272,1.0,0.9876395552361915,0.8660885425878293,0.7695938580509764,0.5681630938807819,0.3842970960002769,0.15687095171243295,0.08162505306336511,0.029125327213062366,0.022003321954090663,-2.315435454780088,0.9793670349155641,3.390874684283488,-0.10463936787093264
88_1303901,1.0,0.9948388640067217,0.9747971770093842,0.8946462244977434,0.8166920356993091,0.6457061574252955,0.39734099901256564,0.1470374305364856,0.05172132550927814,0.036392786241689894,-2.397867036999571,0.9767240290922247,5.24379350749406,-0.08262405211242199
88_906870,1.0,0.9962941936215843,0.9850862485276934,0.902386889540689,0.7908411198535652,0.6184683128827403,0.37002568777362504,0.14985847819855846,0.053485317574136236,0.03952332492253201,-2.3014942221211845,0.986422487593967,4.823295029303041,-0.08808102159703945
88_1331032,1.0,0.9946838960995438,0.9712367396385209,0.8941156933909821,0.8014750734524217,0.6272460538272576,0.37217448783632207,0.1487274674691209,0.06429170072808567,0.047654588886227194,-2.438449253133819,0.9783401614031627,5.090104433328508,-0.06433674575560178
88_1297446,1.0,0.9945660940171579,0.9681502025447984,0.8961061746248348,0.8077305468766879,0.6385459967434532,0.38647169532730646,0.14288154604237005,0.05904975689406006,0.04341729923208306,-2.4535472913501093,0.9756723219493411,5.234568314390494,-0.06944467556817772
88_924239,1.0,0.9948171245457461,0.9708510563468161,0.887053584655474,0.7900331231790411,0.5868030650262521,0.3406370734551191,0.14393144270512756,0.06406249121470607,0.045305987815006755,-2.4805416928757813,0.9814329078535258,4.902733610805666,-0.059341857491075393
88_910935,1.0,0.9953593298044122,0.9781658744620843,0.8974973929488534,0.8056240617890339,0.6313192212013706,0.37347065599227464,0.1440413776094842,0.05521673712018608,0.04035037414379058,-2.452081812431603,0.9800952622939738,5.158969172426624,-0.07230021662671192
88_1327774,1.0,0.9954282710024834,0.9805436249445593,0.8993327329541879,0.8034400489626504,0.628621671432688,0.3655674622117271,0.14346613279923884,0.0533701796539878,0.03931327616534652,-2.475633825627103,0.9813345940477565,5.161002921796645,-0.07110938277663915
135_905983,1.0,0.9957046204152791,0.8409420305763663,0.4750333070946411,0.24837573726459025,0.14228816462160113,0.11944780655113692,0.09897064506117252,0.09960519388326028,0.09416797474529408,-5.278700753622391,1.002042563486778,4.532359366286543,0.08840225045756382
135_688025,1.0,0.9982274338005386,0.877770972632057,0.5900270893606496,0.31598175476610113,0.14605521274647784,0.11671699807317874,0.10157003240355644,0.10380789473241464,0.09711290041122056,-4.898981787351978,0.9963220380695024,4.635315723964942,0.08080955672367433
135_908151,1.0,0.9979745041491919,0.8754791711660747,0.6226676537789918,0.346715621287265,0.14672657479426696,0.11358724831138789,0.10070857908830488,0.10498287610773034,0.09724601691542722,-4.716577833772219,0.9923473740986472,4.608733654238452,0.07569630462602857
135_687985,1.0,0.999749570217706,0.8994146855996159,0.6080318807897295,0.32019866223570687,0.13985439907231786,0.11180274379243009,0.10227942251227891,0.10317812045242387,0.09708165130682822,-5.180828867631459,0.9963012664824782,4.9780505494450535,0.08284111688417486
135_907061,1.0,0.9969940786412713,0.8058737852800798,0.4489042526138028,0.24543893602083422,0.11932125756247451,0.10785794159755703,0.09525884969475908,0.09565791261849214,0.09054954429610707,-5.094073029475186,1.00372300681209,4.267532173336022,0.07910620995267495
135_906763,1.0,0.9995891054601044,0.9062007338398953,0.6257537185186285,0.3317724791732432,0.12870933042364238,0.11229433797704724,0.10025165061144388,0.09913755500085931,0.09340561093102144,-5.244129984080394,0.9946832253712038,5.123470728084612,0.07940405291962359
135_906863,1.0,0.9961188607245397,0.7969855676136941,0.46206587863729803,0.2269434866479051,0.11407464431424263,0.10906221476707874,0.0954016915756345,0.0978464965158895,0.092490373621815,-5.149843870102873,1.001109727346697,4.314661713824796,0.07889152917215311
135_910852,1.0,0.998729933515302,0.8717443670402066,0.5868940417385854,0.30938731206254777,0.13877609529143156,0.10945168675871636,0.09850750720550938,0.10267825821014616,0.09728846553985589,-4.942463642113177,0.9954034962905578,4.657100955934948,0.07835170611880933
135_753610,1.0,0.9963114638221922,0.8956840543754415,0.5987655151289372,0.30255659212206504,0.1459646632814576,0.12714497482095308,0.10138020966732746,0.10051824682259958,0.09473872753767416,-5.223391586845568,0.9956768063490284,4.961833375459301,0.08595494650582565
164_909702,1.0,1.0014415843151794,0.8808472881272719,0.8349822659890563,0.7091472955175999,0.5404193919091469,0.33975154279526104,0.16066952867891235,0.08780118687769199,0.07217699052411176,-1.6635347342175817,0.9755951388596821,3.394612295988134,-0.14029345673060645
164_907799,1.0,1.001275850768314,0.881159118965687,0.8354414325338747,0.7092019726421812,0.5400783628423723,0.33918335770846153,0.16021256154029903,0.08764108153985019,0.07201831215150668,-1.6748862313753718,0.9754497290978041,3.4078106183141457,-0.13829216710970596
164_910906,1.0,1.0016665289705895,0.880454458837006,0.8346981064593114,0.7108162616836422,0.5432809137850362,0.3412652983856064,0.16073488594208277,0.08808236728022084,0.0726438226095407,-1.6578942919343782,0.975193223236004,3.4001378666699065,-0.14118655906153715
164_905958,1.0,1.0014565053408273,0.8801393983690744,0.8346568835781047,0.7090569559668206,0.5408234950713279,0.3400037065643539,0.16064961484719478,0.0878568270215554,0.07232573228942307,-1.6574391559144195,0.9754764033227739,3.3882391519278308,-0.14139610568315583
164_910935,1.0,1.0013545207562942,0.8807699557894745,0.8351902985778853,0.71054878344157,0.5424009799507341,0.3411862660758385,0.16048495241862745,0.08778843900178913,0.07233835133447218,-1.6634693085494128,0.9751656444266992,3.4055895514771213,-0.1403659188318426
1008_909702,1.0,0.9974071108888918,0.9733334391355203,0.8899081133027451,0.7436497969859203,0.43659310210857094,0.2152228991048055,0.16642691142497684,0.13252218757729536,0.13631326844419211,-4.380667808927953,0.9824795933036288,6.494132973201331,0.11167590051120757
1008_1330947,1.0,0.9986131587963754,0.957676144992234,0.8743293465927454,0.7028077840152106,0.3781478729300323,0.20066358470886245,0.15545498620747752,0.12840026166178212,0.13248675849809888,-4.535898012912019,0.9798717113355472,6.3771971235034774,0.11019655511132519
1008_905958,1.0,0.998501833061745,0.9763070660462022,0.8952905294925005,0.7474703107419872,0.42419204260114435,0.2101929156354726,0.16360558615464005,0.13037288409995001,0.13390073041930015,-4.591685664769297,0.9834368589832065,6.7691236299920075,0.1135522855991194
179_907799,1.0,0.9943961423164421,0.9327662692606676,0.8346384041306272,0.5768423265728321,0.3450757953326355,0.18353347166469056,0.13570582697420963,0.11600666348784679,0.09692230197612724,-3.76626643613092,0.9857610966809537,4.885070185591523,0.07172072562507671
179_910934,1.0,0.9946235029667654,0.9329187045382686,0.8333655617297909,0.5782400695438983,0.3453626747758289,0.1805880926458073,0.13293551093128622,0.1143803793976224,0.0959107417909616,-3.759462224858737,0.9856260177906242,4.884353288587168,0.06936813967799364
179_907277,1.0,0.9943252325250981,0.932243700571053,0.8332785153341319,0.5785130313309335,0.3481050909475519,0.18378321003871015,0.13483553122112632,0.1149025709116946,0.09595090797773792,-3.7150720806826096,0.9857288411381803,4.836174254563359,0.06887216868756546
179_1330933,1.0,0.9941511664294337,0.9298695578187613,0.8287779751755524,0.576310589607453,0.34520665209766815,0.1809018466358688,0.13359769825846393,0.11492791552160093,0.09632792623465691,-3.713483866585913,0.9850599838105213,4.815568406708555,0.06835256886739911
179_908158,1.0,0.9938241552741012,0.9267368617386582,0.8255179270478764,0.5759420950595935,0.3461821364076812,0.18386568163004013,0.13544254929173793,0.11536162225237089,0.0962447578592317,-3.648546064765407,0.9846803298396954,4.7339482054172,0.06692308139470232
208_908123,1.0,0.9896539749801992,0.9804269992596552,0.9889399417628523,0.9728840580644507,0.8168460424759263,0.4291093832824255,0.15374793950862375,0.10494367727799196,0.09631840669725605,-5.030218983072284,0.9891785437905765,11.10942837865586,0.08224746731488003
208_1330982,1.0,0.9878401654982097,0.978072185045937,0.9857667666750017,0.9689986965283345,0.8109262114983359,0.42600416008981656,0.15426610735180551,0.1011815934953656,0.09309019600114066,-4.94917077796859,0.9873079985352406,10.917037669012357,0.0784112482721524
208_910906,1.0,0.989077628182519,0.9795923594546873,0.9870927034954292,0.9710482193766107,0.814027136977948,0.4232438775047962,0.15375939251969117,0.10733186295645891,0.09893699336391393,-5.082510412431105,0.9882761471180035,11.156085229546965,0.0854676011022308
208_907170,1.0,0.9870355082879603,0.9791948863800627,0.9852003964409642,0.9693264228399544,0.8162848501100729,0.4202432098505941,0.15435471361055825,0.10037439243025782,0.09260002721831352,-5.0697848335223625,0.9871927659156948,11.164474555965493,0.08000453460155603
208_1331036,1.0,0.9888476377570209,0.979676922898537,0.9888396711843539,0.9694299545070136,0.8115920548554044,0.4278575407221072,0.14740875575071752,0.1013824853952374,0.09342389957578047,-4.9851504927267944,0.9882793988550387,10.99868187352819,0.07750334552358837
208_1297449,1.0,0.9889046461926112,0.9792945534489376,0.9888602322483635,0.9703226449677101,0.8141038191168307,0.4269133814125179,0.1477827696946498,0.10211552914339,0.09425131435212003,-5.035144963593161,0.9882708063690608,11.107468461279282,0.07903718938936082
208_1327768,1.0,0.9877844574266975,0.9785579142784709,0.9885670058199677,0.9685372321055764,0.8121212923541874,0.41220438446850854,0.14315377045913769,0.09908416895877405,0.09185419062952849,-5.16506558948103,0.9876216256218244,11.288432717423804,0.07836370589916207
208_1331037,1.0,0.9873250340909777,0.9800613961612382,0.9854534236998757,0.9679185808295013,0.8146152270375272,0.4213748450279433,0.1550339272322611,0.10176443312021366,0.09436136425025239,-5.042369530201272,0.9872979735002115,11.095270867944754,0.08101651132754877
208_910780,1.0,0.9890458237224852,0.9794998276238648,0.9884263184508525,0.9706281638674428,0.8142084026830075,0.4340923681620403,0.1493109559572412,0.10285718896709968,0.09470805396938893,-4.963218917770086,0.9882518121611373,11.002325585947064,0.07839455298415939
208_1331048,1.0,0.9883013291219221,0.9795688542506157,0.9884072333996222,0.9685096169260428,0.8094605074529007,0.4174121998032323,0.1442479907980624,0.10104370431423802,0.09321887797544691,-5.08226322557659,0.9879746651158037,11.123921989951704,0.07857439192498218
1007_1240190,1.0,1.0060443680526079,0.9295334498048865,0.9167420555873699,0.7454722951633643,0.6227484573834646,0.3901793968914878,0.2175930327865748,0.11413849568956354,0.10736746177639189,-2.013088046233973,0.9835105296976321,4.177832711070168,-0.04401728000683627
1007_1330982,1.0,1.0053357981143731,0.9272730280147522,0.8954942231901025,0.7068611644401201,0.5865630582917102,0.373344473450581,0.21965337328833548,0.11688792237598994,0.10832121263730171,-1.80203690541336,0.989368768721441,3.638309122900931,-0.07059923370302425
1007_753531,1.0,0.9962187024818023,0.9089351233706036,0.7911103366459953,0.5856499863197119,0.44946677198887547,0.32633075984882093,0.23211332381802322,0.14695922448927154,0.12636364870726083,-1.826464923077826,1.0032683674271665,2.8075428771943955,-0.02448263770458061
1007_949178,1.0,1.0077626883354986,0.9376857160735091,0.8869299185263845,0.6968812240064146,0.5482667167479464,0.35299289504280634,0.21067054629431367,0.11277233472757782,0.10641561575714016,-1.961915237031169,0.9945360784513189,3.658701096244269,-0.047479770228872314
1007_909735,1.0,1.009738011859233,0.9234734321062272,0.9038337723039093,0.734654498879264,0.5824909578353045,0.3902369813101325,0.2241827725733946,0.12448905949400631,0.11793728409545112,-1.9314022255302976,0.987509537746338,3.8644393941230475,-0.0404018886999612
305_908136,1.0,0.992394933799449,0.9395102235403009,0.8770950158226644,0.7174582316131805,0.5973090805646158,0.37174309556109825,0.1689278016733702,0.09524835158702986,0.08827752138944044,-1.9066742877355973,0.9811004955089571,3.8931343250582344,-0.08640949343622421
305_683665,1.0,0.9848005792776906,0.9129544547010546,0.8851852679379779,0.7276321425434374,0.6424122021795439,0.42316353760576947,0.18917222536459302,0.11859006838863506,0.10271657205989544,-1.7180917437720895,0.9685930971737461,3.9086684846446667,-0.09694089313892362
305_908158,1.0,0.992650004512828,0.9392870932259961,0.8743657283943884,0.7126158517573447,0.5911031421059694,0.3675898363352179,0.16629973002968765,0.0947847466443239,0.08860621157298765,-1.90643113602204,0.9818716521938684,3.850880332303335,-0.08642951275732422
35_909249,1.0,0.997752242047103,1.0120070743954404,0.9314447974088392,0.8934209166293559,0.7416653496587252,0.4407198209027677,0.20303588753086335,0.10053545167306684,0.07975556953005428,-3.151799274518086,0.985224814444159,7.053386497219603,0.024438139290253784
35_1327775,1.0,1.0006569238177618,1.0109173990528983,0.9371284545057117,0.8956210381063778,0.7396856481116418,0.4301202628377337,0.19785571400821564,0.10175556875475528,0.08023671090023964,-3.268370438605378,0.9868496646960067,7.203464740229986,0.031153100699935696
35_1295740,1.0,1.0000314219026254,1.0116061479409268,0.9289827078005014,0.8941758197676122,0.7371804906552111,0.43850718157745483,0.2060356138178212,0.10065938235281148,0.08064270951356374,-3.114121414129603,0.9859331625557322,6.94939399177127,0.023624386024074837
1050_909251,1.0,1.0057498889244008,1.0247854813626096,0.9975721979419694,1.0087586794205974,0.9909853766159183,0.8154511257560645,0.27798353947132637,0.15154713524897637,0.13872232727632403,-6.370510097407917,1.0060785287051646,18.826665099331613,0.1374419647407508
1050_906800,1.0,1.00535644144167,1.0243191649178331,0.9978413642483326,1.008521138623859,0.9908804617175561,0.814358815084038,0.2771236906834464,0.1521303854606134,0.13896505063968054,-6.385389353353524,1.0059273246572815,18.84536414520597,0.13793382009904845
1050_907272,1.0,1.005760313647383,1.0248266368028265,0.9976146721988983,1.0088426749914183,0.9911138918247503,0.8155553186479155,0.27796261870118055,0.15148278622522476,0.1386692308564306,-6.371277472523229,1.006127044496631,18.830006984918562,0.13738800703351206
151_907073,1.0,1.0086516811883157,1.000586515172633,0.973718558910222,0.9173588677994561,0.8252164624050092,0.573816076164007,0.2485570277656283,0.10701478933026604,0.10626024797621171,-3.2776635497047404,0.9863607823093389,8.393369907609987,0.04470129453843775
151_907055,1.0,1.0085225310680332,1.0001525726764664,0.9737816690806539,0.9172545976339719,0.8243903007745231,0.5728960682416228,0.24915700064560675,0.10701905130933148,0.10637789969905291,-3.2654969436683534,0.9863847670583147,8.3577153340165,0.04433626118945498
151_1327774,1.0,1.0084475836547548,0.9999960647074472,0.9739335942008308,0.9176760005638515,0.8274981314570423,0.5769814929056183,0.24981966101693556,0.10693016792299188,0.10627793754549264,-3.2905493872780562,0.9859675396158393,8.458633729522411,0.04521733523020606
301_905983,1.0,0.9917725750795422,0.8194732496977402,0.7241398405967675,0.6433785062392112,0.580021546336992,0.36585248883725097,0.17312588821099995,0.07756279070447034,0.0723241723111268,0.18579918023287856,0.9999836033745426,1.7005986395729402,-1.1632438112455525
301_1331039,1.0,0.9885425363133397,0.8285228615869871,0.7495445481536439,0.6729675506529337,0.640279494935232,0.4133712587676874,0.14739451417623575,0.0733820060627783,0.06777128931489752,0.146640699772664,0.9842938385763368,1.9461469394684745,-1.1315085053168332
301_910710,1.0,0.9926991233862732,0.7510164051758873,0.5804925187165418,0.48321537312776547,0.3889195497744899,0.2792364693784562,0.17255695560245451,0.08431545937183521,0.07681244817800473,-1.0034340415051914,1.024873714130647,1.641937217219598,-0.28721955689571094
1037_949155,1.0,1.007856664977371,1.0096068145172368,0.954108998133818,0.9566269506230846,0.8506460600880348,0.6374093623049745,0.3748244412964337,0.11383139903310883,0.10974736491497487,-2.495959310947676,0.9904779740088832,7.517559284145664,0.0031848019869073698
1037_910710,1.0,1.007500117096036,1.0110511625684733,0.9529055133051253,0.9513900117455222,0.845666250707812,0.6378955863036423,0.37496064586007866,0.11432823443540512,0.11043520156398377,-2.440863181324316,0.9899286927125382,7.3771602039387965,-0.0012792239144102588
1037_1240206,1.0,1.0077767184461888,1.009710444213826,0.9544150927001503,0.9588946755585214,0.8528991107513207,0.6390232180975337,0.376083277464919,0.1141207524626513,0.11008912987553442,-2.5132771798247147,0.9907109900303607,7.577283026404152,0.005018791254445449
184_971773,1.0,0.9869966492606091,0.91011376793573,0.8489069159018166,0.7903993414918168,0.7612233070214662,0.7069648458270387,0.639428224859145,0.11862494651408077,0.110862736330817,8.255529309790889,0.9533747887327838,2.678311439410775,-3445.25
184_909252,1.0,0.9879056301391956,0.9131986900998171,0.8503710780991023,0.7948902811306605,0.766326256781643,0.7094417359915858,0.6405791701769754,0.11965901282751584,0.11166909950741544,8.743952823598114,0.9545048564271837,2.7025493859615244,-5625.5
184_753554,1.0,0.987122200831696,0.9112993463428989,0.8511968418449332,0.7934146451930157,0.764769907948601,0.710395515155806,0.6417826244233602,0.11862466776471287,0.1109517660611759,8.804755447493497,0.9536730633556717,2.708206839713063,-5977.000000000001
330_910688,1.0,1.0079473623592943,0.9442801891991125,0.9552775693073499,0.8382612522887886,0.7640006466134069,0.4467865745423043,0.29052568954265295,0.13121289405406636,0.11653947536889565,-2.5199961684722663,0.9766152178923332,5.92038422088001,0.026522817932692597
330_908146,1.0,1.0080759158343737,0.9437879275781113,0.9548412385016544,0.8373145202130408,0.7631108688569609,0.4459729652657807,0.29041899036344915,0.1314295787479768,0.11675574197408738,-2.513084248908695,0.9765403297155187,5.898765176479977,0.02619481204111683
330_949088,1.0,1.0081702805803572,0.9438307564275088,0.9543456301973486,0.837184753956981,0.7622080513607133,0.4454347684834182,0.2893255033651354,0.13128192403328437,0.11674249263741021,-2.5174659216816226,0.9765002812024023,5.899357035325807,0.02641911030528554
1058_753531,1.0,1.0151691874273947,0.9272713570763428,0.7980518250162145,0.6766734515577442,0.5128300827429076,0.3717607548455209,0.2528203200930392,0.14780041899579596,0.15681412292582553,-1.4939892612166825,1.0068683871609563,2.7655287210481556,-0.07229101505587955
1058_909722,1.0,1.0065090650856388,0.8986924772212402,0.7671141815010655,0.6087233763344657,0.4338128157751117,0.29886097929886696,0.21064058440116484,0.13413653413683035,0.14422470298465462,-2.0049247873224356,1.0021452881066,2.92716447424853,-0.0019817003537155723
